Loci	Mean_rho	Median	L95	U95
     0	1252.77209	1250.15584	1172.58146	1311.91066
     1	   0.71120	   0.55465	   0.35980	   1.21696
     2	   0.86511	   0.58626	   0.35980	   1.60458
     3	   0.58079	   0.55465	   0.06302	   0.82284
     4	   0.76561	   0.58626	   0.35980	   1.21696
     5	   0.62461	   0.55465	   0.35980	   0.82284
     6	   0.71363	   0.56580	   0.35980	   1.21696
     7	   0.89944	   0.58626	   0.35980	   1.21696
     8	   0.66335	   0.58626	   0.35980	   0.82284
     9	   0.56551	   0.49160	   0.22689	   0.82284
    10	   0.86083	   0.55465	   0.10490	   1.21696
    11	   0.55124	   0.49160	   0.09330	   0.82284
    12	   0.65222	   0.55465	   0.35980	   0.85797
    13	   0.56769	   0.49160	   0.07015	   0.82284
    14	   0.54098	   0.49160	   0.09569	   0.82284
    15	   0.91404	   0.55465	   0.29143	   1.21696
    16	   0.64590	   0.55465	   0.08984	   1.18805
    17	   0.59951	   0.49160	   0.35980	   0.82284
    18	   0.60057	   0.55465	   0.12288	   0.82284
    19	   2.09421	   0.82284	   0.35980	   5.11016
    20	   3.58235	   0.96069	   0.27881	   8.01311
    21	   4.80889	   5.11016	   0.03453	   8.01311
    22	   5.71281	   6.54291	   0.85683	   8.01311
    23	   6.12392	   6.74042	   0.18948	   8.01311
    24	   6.26679	   6.74042	   0.72888	   8.01311
    25	   6.42605	   6.74042	   1.28365	   8.01311
    26	   6.32179	   6.74042	   0.28724	   8.01311
    27	   6.11265	   6.74042	   0.14970	   8.01311
    28	   6.11188	   6.74042	   0.00936	   8.01311
    29	   6.38371	   6.74042	   0.93120	   8.01311
    30	   6.32411	   6.74042	   0.62601	   8.01311
    31	   6.24592	   6.74042	   0.31269	   8.01311
    32	   8.19421	   7.58416	   5.11016	  11.53959
    33	   6.09724	   6.74042	   0.08934	   8.01311
    34	   4.80315	   5.11016	   0.03227	   8.01311
    35	   3.02942	   0.61046	   0.25579	   7.56274
    36	   0.96476	   0.61364	   0.57752	   0.74468
    37	   0.94260	   0.61364	   0.57752	   0.70186
    38	   0.64160	   0.61046	   0.22584	   0.63054
    39	   0.50443	   0.60032	   0.05894	   0.62332
    40	   0.62897	   0.61046	   0.17023	   0.63054
    41	   0.66056	   0.61364	   0.57752	   0.63054
    42	   0.58667	   0.60032	   0.46442	   0.62332
    43	   0.49074	   0.60032	   0.02272	   0.62332
    44	   0.58806	   0.61046	   0.39738	   0.62986
    45	   0.60787	   0.61046	   0.26029	   0.63054
    46	   0.51863	   0.60032	   0.08059	   0.62332
    47	   0.71340	   0.61364	   0.57752	   0.68074
    48	   0.69816	   0.61046	   0.20838	   0.63054
    49	   0.56204	   0.61046	   0.07511	   0.63054
    50	   0.60075	   0.61046	   0.06004	   0.63054
    51	   0.51343	   0.60032	   0.02373	   0.62332
    52	   0.55389	   0.60822	   0.07733	   0.62332
    53	   0.80538	   0.61364	   0.57752	   0.90585
    54	   0.50907	   0.60032	   0.02028	   0.62332
    55	   0.52029	   0.60032	   0.02518	   0.62332
    56	   0.55462	   0.60032	   0.11905	   0.62332
    57	   0.53621	   0.60032	   0.10448	   0.62332
    58	   0.63125	   0.61046	   0.13183	   0.63054
    59	   0.87840	   0.61046	   0.44790	   0.63054
    60	   0.71285	   0.61364	   0.57752	   0.72820
    61	   0.52522	   0.60032	   0.13525	   0.62332
    62	   0.65325	   0.61364	   0.57752	   0.74207
    63	   0.50081	   0.60032	   0.00267	   0.62332
    64	   0.66890	   0.61046	   0.35519	   0.63054
    65	   0.70778	   0.61364	   0.57752	   1.04755
    66	   0.58527	   0.60032	   0.40674	   0.62332
    67	   0.76888	   0.61364	   0.57752	   1.26995
    68	   0.76944	   0.61364	   0.57752	   0.76038
    69	   0.66992	   0.61364	   0.57752	   0.78688
    70	   0.67423	   0.61364	   0.57752	   0.70618
    71	   0.69945	   0.61046	   0.57113	   0.63054
    72	   1.12596	   0.61046	   0.57259	   0.63054
    73	   0.59093	   0.61046	   0.21744	   0.63054
    74	   0.54000	   0.60032	   0.25040	   0.62332
    75	   0.66010	   0.61364	   0.57752	   0.81910
    76	   0.55070	   0.60032	   0.15524	   0.62332
    77	   0.51127	   0.60032	   0.03119	   0.62332
    78	   0.50162	   0.60032	   0.03854	   0.62332
    79	   0.78166	   0.61364	   0.57752	   0.93377
    80	   0.49009	   0.60032	   0.00766	   0.62332
    81	   0.83801	   0.61046	   0.19031	   0.63054
    82	   0.54437	   0.60032	   0.29514	   0.62332
    83	   0.73434	   0.61046	   0.43571	   0.63054
    84	   0.77454	   0.61364	   0.57752	   1.42371
    85	   0.56779	   0.60032	   0.35839	   0.62332
    86	   0.73359	   0.61046	   0.57752	   0.63054
    87	   0.72781	   0.61046	   0.40890	   0.63054
    88	   0.53043	   0.60032	   0.15327	   0.62332
    89	   0.52405	   0.60032	   0.06083	   0.62332
    90	   0.74145	   0.61364	   0.57752	   0.81765
    91	   0.51704	   0.60032	   0.03805	   0.62332
    92	   0.48938	   0.60032	   0.00940	   0.62332
    93	   0.54386	   0.60032	   0.05131	   0.62332
    94	   0.63546	   0.61364	   0.57752	   0.69532
    95	   0.68626	   0.61364	   0.57752	   0.87479
    96	   0.58034	   0.60032	   0.40982	   0.62332
    97	   0.80704	   0.61364	   0.57752	   0.83653
    98	   0.62960	   0.61364	   0.57752	   0.66578
    99	   0.57280	   0.60032	   0.33549	   0.62332
   100	   0.63811	   0.61046	   0.48297	   0.63054
   101	   0.54040	   0.60032	   0.01731	   0.62332
   102	   0.49372	   0.60032	   0.02080	   0.62332
   103	   0.48586	   0.60032	   0.00140	   0.62332
   104	   0.76170	   0.61046	   0.37972	   0.63054
   105	   0.74055	   0.61046	   0.13238	   0.63054
   106	   0.54724	   0.60032	   0.02083	   0.62332
   107	   0.49199	   0.60032	   0.01945	   0.62332
   108	   0.59702	   0.61046	   0.03691	   0.63054
   109	   0.65210	   0.61364	   0.57752	   0.82044
   110	   0.52884	   0.60032	   0.19209	   0.62332
   111	   0.63664	   0.61046	   0.33088	   0.63054
   112	   0.57727	   0.60032	   0.44495	   0.62332
   113	   0.69752	   0.61364	   0.57752	   0.64462
   114	   0.52916	   0.60032	   0.21867	   0.62332
   115	   0.66170	   0.61046	   0.54618	   0.63054
   116	   0.53728	   0.60032	   0.09151	   0.62332
   117	   0.71388	   0.61364	   0.57752	   1.12393
   118	   0.55619	   0.61046	   0.02806	   0.63054
   119	   0.51068	   0.60032	   0.07291	   0.62332
   120	   0.52980	   0.60032	   0.16032	   0.62332
   121	   0.50993	   0.60032	   0.01474	   0.62332
   122	   0.54294	   0.60032	   0.25846	   0.62332
   123	   0.50673	   0.60032	   0.07244	   0.62332
   124	   0.48588	   0.60032	   0.00061	   0.62332
   125	   0.62059	   0.61364	   0.57752	   0.63054
   126	   0.57980	   0.61046	   0.07808	   0.63054
   127	   0.57607	   0.60032	   0.32914	   0.62332
   128	   0.61061	   0.61046	   0.10085	   0.63054
   129	   0.55779	   0.60032	   0.27228	   0.62332
   130	   0.49238	   0.60032	   0.01407	   0.62332
   131	   0.63642	   0.61046	   0.25789	   0.63054
   132	   0.75905	   0.61364	   0.57752	   0.99146
   133	   0.49094	   0.60032	   0.01529	   0.62332
   134	   0.51795	   0.60032	   0.13375	   0.62332
   135	   0.50406	   0.60032	   0.06610	   0.62332
   136	   0.56120	   0.61046	   0.12928	   0.62936
   137	   0.56783	   0.61046	   0.03213	   0.63054
   138	   0.59832	   0.61046	   0.15219	   0.63054
   139	   0.57315	   0.61046	   0.09354	   0.63054
   140	   0.64802	   0.61046	   0.26088	   0.63054
   141	   0.61948	   0.61046	   0.11931	   0.63054
   142	   0.54197	   0.60032	   0.16100	   0.62332
   143	   0.79630	   0.61364	   0.57752	   0.66337
   144	   0.65205	   0.61046	   0.44484	   0.63054
   145	   0.52167	   0.60032	   0.01525	   0.62332
   146	   0.48954	   0.60032	   0.01615	   0.62332
   147	   0.49034	   0.60032	   0.02171	   0.62332
   148	   0.66459	   0.61046	   0.57752	   0.63054
   149	   0.58396	   0.61046	   0.21905	   0.63054
   150	   0.62140	   0.61046	   0.17672	   0.63054
   151	   0.71055	   0.61364	   0.57752	   0.64377
   152	   1.09582	   0.61364	   0.57752	   2.85603
   153	   0.54678	   0.60032	   0.03193	   0.62332
   154	   1.15717	   0.61364	   0.57752	   2.09509
   155	   0.72831	   0.61046	   0.55283	   0.63054
   156	   0.50652	   0.60032	   0.03449	   0.62332
   157	   0.50544	   0.60032	   0.07519	   0.62332
   158	   0.51426	   0.60032	   0.00439	   0.62332
   159	   0.71686	   0.61364	   0.57752	   0.98814
   160	   0.60090	   0.61046	   0.45856	   0.63054
   161	   0.56251	   0.61046	   0.01953	   0.63054
   162	   0.52504	   0.60032	   0.02289	   0.62332
   163	   0.83823	   0.61364	   0.57752	   0.78896
   164	   0.61583	   0.61046	   0.45885	   0.63054
   165	   0.50264	   0.60032	   0.01767	   0.62332
   166	   0.55161	   0.61046	   0.04379	   0.62332
   167	   0.92045	   0.61364	   0.57752	   1.39978
   168	   0.71463	   0.61046	   0.34696	   0.63054
   169	   0.86666	   0.61364	   0.57752	   1.66869
   170	   0.72729	   0.61046	   0.28000	   0.63054
   171	   0.74166	   0.61364	   0.57752	   1.14001
   172	   0.63096	   0.61046	   0.19936	   0.63054
   173	   0.56312	   0.60032	   0.28109	   0.62332
   174	   0.57734	   0.60032	   0.39066	   0.62332
   175	   0.55406	   0.60032	   0.31391	   0.62332
   176	   0.75267	   0.61364	   0.57752	   0.73347
   177	   1.05743	   0.61046	   0.24703	   0.63054
   178	   0.73169	   0.61046	   0.50596	   0.63054
   179	   0.60383	   0.61046	   0.12403	   0.63054
   180	   0.49484	   0.60032	   0.02479	   0.62332
   181	   0.69449	   0.61364	   0.57752	   0.84612
   182	   0.76389	   0.61364	   0.57752	   1.24510
   183	   0.55699	   0.61046	   0.07942	   0.63054
   184	   0.82121	   0.61364	   0.57752	   1.38319
   185	   0.60098	   0.61046	   0.52658	   0.62982
   186	   0.48892	   0.60032	   0.01079	   0.62332
   187	   0.56667	   0.61046	   0.09781	   0.63054
   188	   0.98478	   0.61046	   0.05502	   0.63054
   189	   0.56972	   0.61046	   0.12849	   0.63054
   190	   1.01701	   0.61046	   0.08619	   0.63054
   191	   0.62275	   0.61046	   0.19848	   0.63054
   192	   0.92004	   0.61364	   0.57752	   2.16873
   193	   0.50343	   0.60032	   0.08035	   0.62332
   194	   1.22159	   0.61364	   0.57752	   3.09096
   195	   0.54189	   0.60032	   0.13968	   0.62332
   196	   0.69816	   0.61364	   0.57752	   0.70961
   197	   0.85395	   0.61364	   0.57752	   1.48046
   198	   0.58881	   0.61046	   0.39859	   0.63054
   199	   0.80645	   0.61364	   0.57752	   0.75821
   200	   0.60034	   0.61046	   0.04004	   0.63054
   201	   0.93398	   0.61364	   0.57752	   0.63851
   202	   0.69267	   0.61046	   0.39336	   0.63054
   203	   0.48995	   0.60032	   0.02084	   0.62332
   204	   0.48553	   0.60032	   0.00013	   0.62332
   205	   0.50572	   0.60032	   0.00505	   0.62332
   206	   0.52821	   0.60032	   0.10315	   0.62332
   207	   0.80947	   0.61364	   0.57752	   0.96089
   208	   0.75700	   0.61364	   0.57752	   1.27595
   209	   0.70811	   0.61046	   0.08473	   0.63054
   210	   0.54956	   0.60032	   0.08897	   0.62332
   211	   0.55089	   0.60032	   0.23647	   0.62332
   212	   0.73178	   0.61364	   0.57752	   0.80668
   213	   0.52207	   0.60032	   0.02705	   0.62332
   214	   0.65632	   0.61364	   0.57752	   0.78768
   215	   0.54237	   0.60032	   0.20143	   0.62332
   216	   0.48659	   0.60032	   0.00608	   0.62332
   217	   0.53457	   0.60032	   0.19310	   0.62332
   218	   0.75886	   0.61046	   0.04358	   0.63054
   219	   0.50421	   0.60032	   0.04895	   0.62332
   220	   0.52789	   0.60032	   0.03872	   0.62332
   221	   0.54268	   0.60032	   0.08728	   0.62332
   222	   0.70077	   0.61364	   0.57752	   0.69830
   223	   0.60434	   0.61046	   0.45143	   0.63054
   224	   0.57903	   0.60032	   0.38054	   0.62332
   225	   0.52899	   0.60032	   0.08883	   0.62332
   226	   0.54802	   0.60032	   0.18659	   0.62332
   227	   0.63339	   0.61046	   0.50075	   0.63054
   228	   0.60613	   0.61046	   0.48411	   0.63054
   229	   1.06332	   0.61364	   0.57752	   1.41494
   230	   0.60681	   0.61046	   0.48253	   0.63054
   231	   0.63898	   0.61046	   0.57752	   0.63054
   232	   0.84159	   0.61364	   0.57752	   1.07459
   233	   0.52933	   0.60032	   0.10557	   0.62332
   234	   0.60391	   0.61046	   0.37190	   0.63054
   235	   0.54648	   0.60032	   0.27728	   0.62332
   236	   0.55451	   0.60032	   0.20835	   0.62332
   237	   0.61452	   0.61046	   0.56511	   0.63054
   238	   0.80105	   0.61046	   0.10165	   0.63054
   239	   0.66887	   0.61364	   0.57752	   0.74590
   240	   0.49754	   0.60032	   0.05928	   0.62332
   241	   0.55024	   0.60032	   0.06459	   0.62332
   242	   0.56084	   0.60032	   0.34075	   0.62332
   243	   0.67904	   0.61046	   0.05818	   0.63054
   244	   0.93912	   0.61364	   0.57752	   2.21663
   245	   0.49050	   0.60032	   0.01641	   0.62332
   246	   0.55297	   0.60032	   0.15563	   0.62332
   247	   0.70774	   0.61046	   0.06099	   0.63054
   248	   0.60967	   0.61046	   0.20096	   0.63054
   249	   0.54978	   0.60032	   0.07236	   0.62332
   250	   0.56217	   0.60032	   0.24819	   0.62332
   251	   0.49938	   0.60032	   0.06936	   0.62332
   252	   0.64060	   0.61046	   0.38364	   0.63054
   253	   0.64396	   0.61364	   0.57752	   0.70561
   254	   0.60220	   0.60032	   0.57055	   0.62332
   255	   0.52752	   0.60032	   0.03236	   0.62332
   256	   0.57339	   0.60032	   0.35533	   0.62332
   257	   0.51597	   0.60032	   0.10806	   0.62332
   258	   0.50445	   0.60032	   0.02235	   0.62332
   259	   0.65759	   0.61046	   0.25036	   0.63054
   260	   0.57039	   0.61046	   0.19185	   0.63054
   261	   1.09826	   0.61364	   0.57752	   2.05208
   262	   0.70533	   0.61046	   0.01815	   0.63054
   263	   0.67229	   0.61046	   0.51829	   0.63054
   264	   0.51589	   0.60032	   0.12796	   0.62332
   265	   0.49263	   0.60032	   0.02061	   0.62332
   266	   0.63191	   0.61046	   0.03541	   0.63054
   267	   0.50347	   0.60032	   0.08751	   0.62332
   268	   0.52175	   0.60032	   0.05712	   0.62332
   269	   0.77403	   0.61364	   0.57752	   0.82767
   270	   0.65716	   0.61364	   0.57752	   0.76527
   271	   0.58519	   0.61046	   0.08926	   0.63054
   272	   0.49671	   0.60032	   0.02487	   0.62332
   273	   0.48675	   0.60032	   0.00573	   0.62332
   274	   0.55039	   0.60032	   0.27756	   0.62332
   275	   0.50255	   0.60032	   0.01022	   0.62332
   276	   0.65025	   0.61046	   0.11676	   0.63054
   277	   0.95801	   0.61364	   0.57752	   0.94840
   278	   0.65498	   0.61046	   0.53046	   0.63054
   279	   0.62344	   0.61046	   0.43930	   0.63054
   280	   0.68770	   0.61046	   0.48247	   0.63054
   281	   1.06542	   0.61364	   0.57752	   1.39527
   282	   0.60319	   0.61046	   0.22807	   0.63054
   283	   0.92448	   0.61364	   0.57752	   1.41127
   284	   0.51907	   0.60032	   0.10010	   0.62332
   285	   0.64457	   0.61046	   0.30481	   0.63054
   286	   0.51332	   0.60032	   0.01275	   0.62332
   287	   0.68426	   0.61046	   0.49373	   0.63054
   288	   0.58504	   0.61046	   0.03537	   0.63054
   289	   0.60737	   0.61046	   0.18874	   0.63054
   290	   0.49226	   0.60032	   0.01464	   0.62332
   291	   0.56758	   0.60032	   0.38271	   0.62332
   292	   0.65774	   0.61364	   0.57752	   0.73028
   293	   0.64418	   0.61046	   0.57752	   0.63054
   294	   0.56525	   0.60032	   0.38289	   0.62332
   295	   0.56718	   0.61046	   0.09914	   0.63054
   296	   0.50227	   0.60032	   0.05541	   0.62332
   297	   0.49596	   0.60032	   0.02552	   0.62332
   298	   0.67846	   0.61046	   0.54546	   0.63054
   299	   0.64736	   0.61046	   0.30010	   0.63054
   300	   0.79448	   0.61364	   0.57752	   1.44670
   301	   0.69867	   0.61364	   0.57752	   0.98528
   302	   0.69031	   0.61046	   0.23095	   0.63054
   303	   0.61054	   0.61046	   0.42939	   0.63054
   304	   0.51751	   0.60032	   0.08314	   0.62332
   305	   0.64355	   0.61046	   0.08329	   0.63054
   306	   0.81060	   0.61364	   0.57752	   0.92740
   307	   0.77079	   0.61364	   0.57752	   1.33464
   308	   0.58097	   0.61046	   0.24724	   0.63054
   309	   0.61962	   0.61046	   0.41404	   0.63054
   310	   0.84038	   0.61364	   0.57752	   1.71645
   311	   0.57831	   0.60032	   0.45559	   0.62332
   312	   0.58747	   0.60032	   0.43652	   0.62332
   313	   0.48598	   0.60032	   0.00099	   0.62332
   314	   0.62608	   0.61046	   0.47992	   0.63054
   315	   0.55191	   0.60032	   0.10236	   0.62332
   316	   0.59041	   0.61046	   0.32081	   0.63054
   317	   0.81001	   0.61364	   0.57752	   1.10532
   318	   0.73991	   0.61364	   0.57752	   1.20106
   319	   0.49362	   0.60032	   0.00414	   0.62332
   320	   0.50629	   0.60032	   0.02304	   0.62332
   321	   0.62689	   0.61046	   0.53970	   0.63054
   322	   0.39113	   0.57752	   0.00764	   0.62332
   323	   0.06752	   0.07478	   0.00347	   0.08180
   324	   0.18885	   0.07538	   0.05915	   0.61765
   325	   0.22971	   0.07538	   0.05915	   0.69549
   326	   0.37329	   0.07538	   0.05915	   1.32648
   327	   0.11791	   0.07538	   0.05915	   0.26076
   328	   0.10740	   0.07538	   0.05915	   0.09306
   329	   0.18737	   0.07538	   0.05915	   0.08811
   330	   0.13612	   0.07538	   0.05915	   0.10646
   331	   0.14191	   0.07538	   0.05915	   0.18778
   332	   0.06110	   0.06330	   0.00147	   0.08161
   333	   0.17933	   0.07538	   0.05915	   0.54143
   334	   0.08452	   0.07538	   0.05915	   0.08180
   335	   0.10118	   0.07538	   0.05915	   0.16951
   336	   0.09639	   0.07538	   0.05915	   0.18029
   337	   0.07212	   0.07478	   0.05915	   0.08180
   338	   0.09584	   0.07478	   0.05915	   0.08180
   339	   0.11186	   0.07478	   0.04421	   0.12950
   340	   0.60821	   0.59494	   0.45319	   0.63724
   341	   0.63997	   0.59494	   0.45319	   0.63724
   342	   0.52331	   0.59087	   0.10545	   0.61218
   343	   0.61331	   0.60716	   0.45319	   0.63724
   344	   0.63951	   0.59494	   0.45319	   0.63724
   345	   0.72498	   0.59494	   0.00707	   0.63724
   346	   0.58000	   0.59494	   0.18251	   0.63724
   347	   0.78577	   0.60716	   0.45319	   1.30793
   348	   0.76894	   0.60716	   0.45319	   0.86686
   349	   0.51565	   0.59087	   0.11193	   0.61218
   350	   0.52102	   0.59087	   0.08938	   0.61218
   351	   0.51828	   0.59087	   0.09164	   0.61218
   352	   0.58358	   0.59494	   0.14832	   0.63724
   353	   0.53861	   0.59494	   0.04908	   0.63724
   354	   0.52266	   0.59087	   0.23087	   0.61218
   355	   0.49267	   0.59087	   0.01262	   0.61218
   356	   0.48326	   0.59087	   0.07815	   0.61218
   357	   0.50223	   0.59087	   0.09819	   0.61218
   358	   0.51250	   0.59087	   0.12251	   0.61218
   359	   0.80114	   0.60716	   0.45319	   1.16908
   360	   0.51727	   0.59087	   0.16540	   0.61218
   361	   0.73383	   0.59494	   0.42265	   0.63724
   362	   0.52708	   0.59087	   0.22076	   0.61218
   363	   0.49781	   0.59087	   0.12972	   0.61218
   364	   0.50267	   0.59087	   0.19319	   0.61218
   365	   0.47133	   0.59087	   0.02169	   0.61218
   366	   0.48415	   0.59087	   0.04041	   0.61218
   367	   0.49986	   0.59087	   0.14180	   0.61218
   368	   0.62540	   0.60716	   0.45319	   0.70905
   369	   0.59961	   0.59494	   0.45319	   0.63724
   370	   0.93213	   0.60716	   0.45319	   2.08078
   371	   0.55295	   0.59494	   0.05252	   0.63724
   372	   0.55366	   0.59087	   0.40651	   0.61218
   373	   0.53494	   0.59087	   0.13062	   0.61218
   374	   0.48000	   0.59087	   0.02894	   0.61218
   375	   0.59861	   0.59494	   0.25696	   0.63724
   376	   0.88000	   0.59494	   0.06785	   0.63724
   377	   0.74773	   0.60716	   0.45319	   0.86950
   378	   0.46702	   0.59087	   0.00196	   0.61218
   379	   0.49045	   0.59087	   0.02170	   0.61218
   380	   0.56855	   0.59494	   0.01381	   0.63724
   381	   0.57539	   0.59494	   0.06733	   0.63724
   382	   0.49279	   0.59087	   0.13858	   0.61218
   383	   0.70508	   0.60716	   0.45319	   1.05943
   384	   0.52341	   0.59087	   0.24771	   0.61218
   385	   0.67742	   0.59494	   0.45319	   0.63724
   386	   0.94612	   0.60716	   0.45319	   2.37591
   387	   0.91627	   0.60716	   0.45319	   0.93959
   388	   0.60330	   0.59494	   0.31889	   0.63724
   389	   0.47718	   0.59087	   0.06468	   0.61218
   390	   0.60325	   0.59494	   0.41022	   0.63724
   391	   0.56607	   0.59494	   0.33913	   0.63724
   392	   0.50559	   0.59087	   0.07068	   0.61218
   393	   0.52976	   0.59087	   0.30953	   0.61218
   394	   0.50965	   0.59087	   0.17755	   0.61218
   395	   0.58284	   0.59494	   0.13187	   0.63724
   396	   0.56608	   0.59087	   0.44651	   0.61218
   397	   0.46397	   0.59087	   0.00074	   0.61218
   398	   0.59631	   0.59494	   0.42649	   0.63724
   399	   0.59922	   0.59494	   0.29073	   0.63724
   400	   0.48870	   0.59087	   0.04642	   0.61218
   401	   0.76878	   0.60716	   0.45319	   0.63724
   402	   0.63769	   0.59494	   0.32688	   0.63724
   403	   0.48641	   0.59087	   0.07918	   0.61218
   404	   0.65032	   0.59494	   0.34776	   0.63724
   405	   0.49323	   0.59087	   0.08924	   0.61218
   406	   0.52497	   0.59087	   0.16662	   0.61218
   407	   0.71004	   0.60716	   0.45319	   1.10925
   408	   0.57086	   0.59494	   0.24873	   0.63724
   409	   0.79268	   0.60716	   0.45319	   0.94987
   410	   0.48218	   0.59087	   0.03384	   0.61218
   411	   0.47133	   0.59087	   0.03335	   0.61218
   412	   0.62509	   0.59494	   0.39990	   0.63724
   413	   0.57568	   0.59494	   0.29616	   0.63724
   414	   0.61416	   0.59494	   0.45319	   0.63724
   415	   0.50954	   0.59087	   0.12284	   0.61218
   416	   0.62715	   0.59494	   0.28403	   0.63724
   417	   0.51551	   0.59087	   0.05050	   0.61218
   418	   0.63995	   0.59494	   0.35735	   0.63724
   419	   0.77877	   0.60716	   0.45319	   1.49806
   420	   0.89084	   0.60716	   0.45319	   0.70500
   421	   0.49959	   0.59087	   0.02084	   0.61218
   422	   0.55394	   0.59494	   0.01364	   0.63724
   423	   0.49345	   0.59087	   0.11101	   0.61218
   424	   0.68480	   0.60716	   0.45319	   0.74778
   425	   0.52408	   0.59087	   0.07176	   0.61218
   426	   1.19826	   0.60716	   0.45319	   0.79085
   427	   0.66220	   0.60716	   0.45319	   0.93454
   428	   0.57618	   0.59494	   0.24814	   0.63724
   429	   0.83857	   0.60716	   0.45319	   1.58758
   430	   0.67116	   0.60716	   0.45319	   0.92451
   431	   0.48519	   0.59087	   0.06888	   0.61218
   432	   0.56746	   0.59494	   0.42820	   0.61281
   433	   0.58410	   0.59494	   0.26067	   0.63724
   434	   0.55656	   0.59087	   0.36199	   0.61218
   435	   0.59748	   0.59494	   0.23826	   0.63724
   436	   0.47855	   0.59087	   0.05859	   0.61218
   437	   0.70414	   0.59494	   0.39950	   0.63724
   438	   0.72121	   0.59494	   0.45319	   0.63724
   439	   0.58092	   0.59494	   0.05887	   0.63724
   440	   0.62543	   0.59494	   0.28994	   0.63724
   441	   0.50910	   0.59087	   0.00837	   0.61218
   442	   0.60569	   0.59494	   0.45319	   0.63724
   443	   0.51597	   0.59087	   0.05234	   0.61218
   444	   0.66044	   0.59494	   0.44914	   0.63724
   445	   0.50488	   0.59087	   0.07640	   0.61218
   446	   0.62209	   0.59494	   0.45319	   0.63724
   447	   0.75253	   0.60716	   0.45319	   0.98252
   448	   0.60653	   0.59494	   0.29158	   0.63724
   449	   0.50929	   0.59087	   0.18254	   0.61218
   450	   0.48090	   0.59087	   0.03639	   0.61218
   451	   0.48080	   0.59087	   0.08592	   0.61218
   452	   0.51248	   0.59087	   0.14408	   0.61218
   453	   0.52317	   0.59087	   0.28465	   0.61218
   454	   0.62027	   0.59494	   0.06196	   0.63724
   455	   0.52933	   0.59087	   0.14930	   0.61218
   456	   0.57994	   0.59494	   0.45319	   0.63724
   457	   0.59220	   0.59494	   0.41043	   0.63724
   458	   0.70897	   0.59494	   0.45319	   0.63724
   459	   0.55219	   0.59087	   0.43404	   0.61218
   460	   0.90277	   0.60716	   0.45319	   1.68314
   461	   0.61718	   0.59494	   0.45319	   0.63724
   462	   0.89503	   0.60716	   0.29835	   0.82715
   463	   0.59527	   0.59494	   0.29835	   0.63724
   464	   0.48416	   0.59087	   0.10755	   0.61218
   465	   0.54391	   0.59494	   0.29835	   0.62656
   466	   0.60918	   0.59494	   0.14220	   0.63724
   467	   0.47447	   0.59087	   0.16135	   0.61218
   468	   0.45609	   0.59087	   0.07109	   0.61218
   469	   0.50775	   0.59087	   0.28251	   0.61218
   470	   0.46012	   0.59087	   0.09275	   0.61218
   471	   0.44237	   0.59087	   0.00500	   0.61218
   472	   0.46415	   0.59087	   0.05670	   0.61218
   473	   0.52974	   0.59087	   0.29835	   0.61218
   474	   0.48814	   0.59087	   0.10165	   0.61218
   475	   0.49926	   0.59087	   0.21816	   0.61218
   476	   0.52671	   0.59494	   0.00575	   0.63724
   477	   0.54783	   0.59494	   0.17194	   0.63724
   478	   0.55580	   0.59087	   0.29835	   0.61218
   479	   0.53359	   0.59494	   0.29835	   0.62971
   480	   0.44999	   0.59087	   0.04566	   0.61218
   481	   0.50751	   0.59322	   0.08010	   0.61218
   482	   0.61155	   0.59494	   0.29835	   0.63724
   483	   0.62536	   0.59494	   0.25686	   0.63724
   484	   0.56976	   0.59494	   0.05485	   0.63724
   485	   0.49811	   0.59087	   0.18339	   0.61218
   486	   0.58533	   0.59494	   0.28241	   0.63724
   487	   0.46810	   0.59087	   0.03297	   0.61218
   488	   0.74143	   0.60716	   0.29835	   1.30079
   489	   0.57578	   0.59494	   0.29835	   0.63724
   490	   0.62405	   0.59494	   0.29835	   0.63724
   491	   0.46201	   0.59087	   0.04258	   0.61218
   492	   0.75580	   0.60716	   0.29835	   1.12755
   493	   0.50963	   0.59087	   0.26893	   0.61218
   494	   0.45488	   0.59087	   0.06073	   0.61218
   495	   0.46980	   0.59087	   0.10897	   0.61218
   496	   0.44336	   0.59087	   0.00724	   0.61218
   497	   0.49788	   0.59087	   0.06158	   0.61218
   498	   0.53013	   0.59494	   0.12315	   0.63724
   499	   0.47852	   0.59087	   0.01831	   0.61218
   500	   0.57857	   0.59494	   0.22243	   0.63724
   501	   0.53675	   0.59494	   0.26647	   0.63724
   502	   0.48110	   0.59494	   0.01720	   0.63724
   503	   0.56669	   0.59494	   0.45319	   0.63724
   504	   0.65073	   0.60716	   0.40798	   0.64222
   505	   0.53614	   0.59494	   0.16116	   0.63724
   506	   0.48922	   0.59494	   0.04757	   0.63724
   507	   0.60259	   0.60716	   0.07116	   0.64222
   508	   0.73196	   0.60786	   0.42061	   0.74257
   509	   0.65582	   0.60786	   0.20416	   0.74257
   510	   0.87336	   0.61218	   0.59087	   1.47211
   511	   0.81777	   0.60786	   0.39868	   0.74257
   512	   0.68022	   0.60786	   0.21688	   0.74257
   513	   0.57308	   0.60716	   0.10195	   0.64222
   514	   0.53726	   0.60716	   0.03846	   0.64222
   515	   0.79707	   0.60786	   0.03667	   0.74257
   516	   0.70416	   0.60786	   0.54132	   0.74257
   517	   0.77227	   0.61218	   0.59087	   1.30148
   518	   0.60675	   0.60786	   0.33931	   0.69314
   519	   0.54345	   0.60716	   0.10181	   0.64222
   520	   0.67479	   0.60786	   0.42896	   0.74257
   521	   0.54021	   0.60716	   0.02386	   0.64222
   522	   0.50473	   0.60716	   0.00453	   0.64222
   523	   0.78392	   0.61218	   0.59087	   1.13463
   524	   0.74544	   0.60786	   0.16298	   0.74257
   525	   0.61178	   0.60786	   0.15545	   0.74257
   526	   0.60061	   0.60786	   0.09123	   0.74257
   527	   0.59077	   0.60716	   0.31133	   0.64222
   528	   0.89786	   0.60786	   0.51713	   0.74257
   529	   0.55208	   0.60716	   0.17847	   0.64222
   530	   0.61445	   0.60786	   0.09792	   0.74257
   531	   0.60335	   0.60786	   0.27011	   0.72836
   532	   0.69911	   0.60786	   0.43933	   0.74257
   533	   0.64862	   0.60786	   0.51218	   0.74257
   534	   0.94674	   0.61218	   0.59087	   2.07660
   535	   0.53008	   0.60716	   0.10768	   0.64222
   536	   0.51537	   0.60716	   0.02854	   0.64222
   537	   0.50612	   0.60716	   0.00514	   0.64222
   538	   0.56798	   0.60716	   0.05203	   0.64222
   539	   0.87648	   0.61218	   0.59087	   0.92915
   540	   0.63201	   0.60786	   0.15313	   0.74257
   541	   0.70043	   0.60786	   0.57287	   0.74257
   542	   0.68680	   0.61218	   0.59087	   0.89795
   543	   0.86696	   0.61218	   0.59087	   1.19532
   544	   0.88736	   0.61218	   0.59087	   1.85277
   545	   0.54233	   0.60716	   0.09237	   0.64222
   546	   0.72573	   0.60786	   0.13137	   0.74257
   547	   0.50624	   0.60716	   0.00099	   0.64222
   548	   0.60520	   0.60786	   0.38432	   0.64222
   549	   0.60291	   0.60786	   0.11810	   0.74257
   550	   0.53141	   0.60716	   0.04568	   0.64222
   551	   0.52972	   0.60716	   0.08990	   0.64222
   552	   0.76884	   0.60786	   0.49744	   0.74257
   553	   0.71279	   0.60786	   0.38863	   0.74257
   554	   0.56354	   0.60716	   0.14608	   0.64222
   555	   0.61843	   0.60786	   0.21960	   0.74257
   556	   0.54137	   0.60716	   0.09760	   0.64222
   557	   0.57469	   0.60716	   0.15196	   0.64222
   558	   0.61948	   0.60786	   0.13129	   0.74257
   559	   0.51684	   0.60716	   0.06052	   0.64222
   560	   0.72783	   0.60786	   0.14019	   0.74257
   561	   0.53730	   0.60716	   0.06507	   0.64222
   562	   0.51488	   0.60716	   0.02672	   0.64222
   563	   0.58293	   0.60716	   0.34527	   0.64222
   564	   0.76570	   0.60786	   0.51136	   0.74257
   565	   0.52983	   0.60716	   0.11243	   0.64222
   566	   0.91716	   0.60786	   0.50907	   0.74257
   567	   0.54579	   0.60716	   0.18665	   0.64222
   568	   0.77407	   0.60786	   0.39906	   0.74257
   569	   0.72641	   0.60786	   0.29743	   0.74257
   570	   0.51495	   0.60716	   0.03404	   0.64222
   571	   0.59246	   0.60786	   0.00637	   0.74257
   572	   1.15331	   0.61218	   0.59087	   1.73755
   573	   0.54828	   0.60716	   0.15998	   0.64222
   574	   0.63012	   0.60786	   0.48024	   0.74257
   575	   0.61843	   0.60786	   0.22421	   0.74257
   576	   0.82218	   0.61218	   0.59087	   0.74257
   577	   0.75393	   0.60786	   0.05783	   0.74257
   578	   0.81057	   0.60786	   0.41068	   0.74257
   579	   0.73445	   0.60786	   0.59087	   0.74257
   580	   0.58835	   0.60716	   0.32530	   0.64222
   581	   0.53090	   0.60716	   0.06053	   0.64222
   582	   0.58873	   0.60716	   0.38816	   0.64222
   583	   0.84920	   0.61218	   0.59087	   1.53289
   584	   0.66241	   0.60786	   0.28987	   0.74257
   585	   0.68970	   0.60786	   0.17276	   0.74257
   586	   0.63424	   0.60786	   0.18991	   0.74257
   587	   0.60167	   0.60786	   0.32620	   0.65543
   588	   0.66199	   0.61218	   0.59087	   0.74257
   589	   0.52961	   0.60716	   0.09001	   0.64222
   590	   0.77284	   0.61218	   0.59087	   0.79631
   591	   0.59419	   0.60716	   0.36642	   0.64222
   592	   0.61666	   0.60786	   0.33425	   0.74257
   593	   0.93714	   0.61218	   0.59087	   0.95280
   594	   0.92547	   0.61218	   0.59087	   1.14566
   595	   0.59308	   0.60786	   0.24029	   0.65542
   596	   0.58242	   0.60786	   0.03507	   0.74257
   597	   0.64646	   0.61218	   0.59087	   0.74257
   598	   0.63848	   0.60786	   0.15820	   0.74257
   599	   0.58909	   0.60716	   0.38770	   0.64222
   600	   0.72635	   0.60786	   0.45141	   0.74257
   601	   0.59222	   0.60786	   0.24116	   0.64599
   602	   0.52384	   0.60716	   0.04202	   0.64222
   603	   0.66694	   0.60786	   0.30855	   0.74257
   604	   0.64295	   0.60786	   0.50650	   0.74257
   605	   0.75493	   0.61218	   0.59087	   0.74257
   606	   0.56475	   0.60716	   0.21353	   0.64222
   607	   0.53256	   0.60716	   0.00907	   0.64222
   608	   0.96306	   0.61218	   0.59087	   2.14134
   609	   0.52366	   0.60716	   0.03988	   0.64222
   610	   0.56853	   0.60786	   0.03212	   0.64222
   611	   0.54041	   0.60716	   0.06689	   0.64222
   612	   1.07696	   0.61218	   0.59087	   2.22345
   613	   0.54688	   0.60716	   0.08671	   0.64222
   614	   0.64719	   0.60786	   0.23780	   0.74257
   615	   0.61415	   0.60786	   0.37799	   0.72847
   616	   0.81471	   0.61218	   0.59087	   1.38523
   617	   0.50884	   0.60716	   0.00393	   0.64222
   618	   0.76412	   0.61218	   0.59087	   1.08838
   619	   0.90462	   0.61218	   0.59087	   1.70861
   620	   0.58993	   0.60786	   0.10348	   0.74257
   621	   0.54753	   0.60716	   0.09426	   0.64222
   622	   0.65241	   0.61218	   0.59087	   0.74257
   623	   0.58721	   0.60786	   0.08642	   0.74257
   624	   0.64139	   0.60786	   0.07114	   0.74257
   625	   0.81765	   0.61218	   0.59087	   1.49501
   626	   0.77102	   0.60786	   0.28665	   0.74257
   627	   0.79401	   0.60786	   0.39569	   0.74257
   628	   0.58699	   0.60716	   0.41564	   0.64222
   629	   0.55618	   0.60716	   0.15850	   0.64222
   630	   0.64585	   0.60786	   0.49252	   0.74257
   631	   0.79839	   0.60786	   0.47791	   0.74257
   632	   0.56699	   0.60716	   0.24279	   0.64222
   633	   0.53454	   0.60716	   0.06836	   0.64222
   634	   0.64695	   0.61218	   0.59087	   0.74257
   635	   0.56857	   0.60786	   0.00811	   0.64250
   636	   0.51372	   0.60716	   0.01697	   0.64222
   637	   0.62588	   0.60786	   0.19801	   0.74257
   638	   0.70823	   0.61218	   0.59087	   0.86476
   639	   0.59193	   0.60786	   0.09323	   0.74257
   640	   0.60817	   0.60786	   0.08257	   0.74257
   641	   0.84036	   0.61218	   0.59087	   1.45096
   642	   0.66718	   0.60786	   0.22173	   0.74257
   643	   0.52087	   0.60716	   0.03337	   0.64222
   644	   0.53699	   0.60716	   0.14211	   0.64222
   645	   0.53642	   0.60716	   0.08825	   0.64222
   646	   0.56891	   0.60716	   0.09542	   0.64222
   647	   0.51631	   0.60716	   0.01152	   0.64222
   648	   0.65539	   0.60786	   0.25736	   0.74257
   649	   0.53600	   0.60716	   0.13676	   0.64222
   650	   0.50822	   0.60716	   0.00376	   0.64222
   651	   0.55230	   0.60716	   0.01457	   0.64222
   652	   0.76206	   0.61218	   0.59087	   0.94452
   653	   0.55080	   0.60716	   0.15907	   0.64222
   654	   0.53333	   0.60716	   0.12510	   0.64222
   655	   0.70972	   0.61218	   0.59087	   0.82789
   656	   0.51516	   0.60716	   0.03773	   0.64222
   657	   0.67164	   0.60786	   0.47206	   0.74257
   658	   0.69162	   0.60786	   0.41136	   0.96823
   659	   0.58286	   0.60716	   0.02293	   0.74257
   660	   0.86805	   0.60786	   0.37052	   1.14376
   661	   0.65730	   0.60786	   0.04099	   0.99545
   662	   1.30563	   0.61218	   0.59087	   2.97988
   663	   0.84189	   0.60786	   0.20636	   1.14376
   664	   0.76968	   0.61218	   0.59087	   1.14376
   665	   0.68442	   0.60786	   0.40098	   0.90665
   666	   0.81525	   0.60786	   0.21330	   1.14376
   667	   0.58269	   0.60716	   0.02738	   0.74257
   668	   1.15640	   0.61218	   0.59087	   1.14376
   669	   0.80709	   0.61218	   0.59087	   1.14376
   670	   0.59707	   0.60716	   0.16834	   0.74257
   671	   0.70015	   0.60786	   0.07576	   1.14376
   672	   0.62906	   0.60786	   0.12974	   0.74257
   673	   0.78106	   0.60786	   0.53569	   1.14376
   674	   1.09912	   0.60786	   0.41940	   1.14376
   675	   0.55685	   0.60716	   0.00218	   0.74257
   676	   0.64558	   0.60786	   0.30577	   0.74257
   677	   0.68325	   0.60786	   0.50431	   0.79162
   678	   0.80127	   0.60786	   0.31064	   1.14376
   679	   0.75683	   0.60786	   0.21578	   1.14376
   680	   0.80384	   0.61218	   0.59087	   1.14376
   681	   0.80506	   0.61218	   0.59087	   1.14376
   682	   0.66616	   0.60786	   0.25409	   0.87098
   683	   0.55593	   0.60716	   0.00804	   0.74257
   684	   0.71915	   0.60786	   0.41782	   1.14376
   685	   0.59357	   0.60716	   0.16174	   0.74257
   686	   0.55849	   0.60716	   0.02320	   0.74257
   687	   0.94401	   0.61218	   0.59087	   1.47556
   688	   0.60921	   0.60716	   0.12700	   0.74257
   689	   1.01000	   0.61218	   0.59087	   1.56880
   690	   0.63536	   0.60716	   0.29256	   0.74257
   691	   0.64198	   0.60786	   0.07344	   0.80976
   692	   0.81804	   0.61218	   0.59087	   1.14376
   693	   0.78080	   0.60786	   0.37631	   1.14376
   694	   0.62231	   0.60716	   0.08339	   0.74257
   695	   0.58673	   0.60716	   0.10681	   0.74257
   696	   1.02785	   0.60786	   0.12607	   1.14376
   697	   0.74105	   0.60786	   0.59087	   1.14376
   698	   1.01064	   0.60786	   0.58043	   2.12952
   699	   0.75899	   0.60716	   0.34263	   0.74257
   700	   0.96945	   0.60786	   0.58043	   0.78841
   701	   0.51220	   0.59494	   0.02596	   0.63724
   702	   0.87572	   0.60786	   0.58043	   1.80507
   703	   0.52155	   0.59494	   0.01948	   0.63724
   704	   0.50408	   0.59494	   0.01026	   0.63724
   705	   0.60622	   0.60716	   0.30754	   0.74257
   706	   0.47525	   0.59087	   0.05349	   0.61218
   707	   0.59810	   0.60716	   0.28726	   0.63724
   708	   0.87733	   0.59494	   0.28726	   0.63724
   709	   0.48999	   0.59087	   0.06900	   0.61218
   710	   0.66400	   0.59494	   0.06727	   0.63724
   711	   0.47040	   0.59087	   0.08701	   0.61218
   712	   0.58158	   0.59494	   0.28726	   0.63724
   713	   0.46110	   0.59087	   0.02493	   0.61218
   714	   0.61291	   0.60716	   0.28726	   0.73579
   715	   0.60313	   0.59494	   0.28726	   0.63724
   716	   0.45988	   0.59087	   0.02487	   0.61218
   717	   0.51422	   0.59087	   0.04414	   0.61218
   718	   0.61187	   0.59494	   0.28726	   0.63724
   719	   0.46627	   0.59087	   0.03010	   0.61218
   720	   0.45984	   0.59087	   0.02540	   0.61218
   721	   0.77315	   0.59494	   0.17314	   0.63724
   722	   0.52170	   0.59087	   0.14211	   0.61218
   723	   0.60388	   0.59495	   0.28726	   0.63724
   724	   0.53309	   0.59087	   0.28462	   0.61218
   725	   0.86267	   0.59494	   0.28726	   0.63724
   726	   0.77876	   0.59494	   0.28726	   0.63724
   727	   0.49838	   0.59087	   0.18609	   0.61218
   728	   0.53024	   0.59494	   0.04651	   0.63724
   729	   0.54686	   0.59494	   0.28726	   0.62338
   730	   0.78156	   0.60716	   0.28726	   1.30072
   731	   0.51858	   0.59087	   0.21288	   0.61218
   732	   0.62056	   0.59494	   0.28726	   0.63724
   733	   0.61416	   0.59494	   0.28545	   0.63724
   734	   0.53014	   0.59087	   0.24600	   0.61218
   735	   0.84159	   0.60716	   0.28726	   0.93563
   736	   0.65911	   0.59494	   0.28726	   0.63724
   737	   0.51925	   0.59087	   0.16460	   0.61218
   738	   0.47672	   0.59087	   0.02611	   0.61218
   739	   0.50938	   0.59087	   0.06754	   0.61218
   740	   0.46992	   0.59087	   0.03367	   0.61218
   741	   0.60343	   0.59494	   0.28726	   0.63724
   742	   0.66003	   0.60716	   0.28726	   0.65231
   743	   0.47789	   0.59087	   0.03757	   0.61218
   744	   0.45929	   0.59087	   0.01784	   0.61218
   745	   0.45584	   0.59087	   0.00932	   0.61218
   746	   0.66157	   0.60716	   0.28726	   0.70747
   747	   0.45470	   0.59087	   0.01269	   0.61218
   748	   0.81488	   0.60716	   0.28726	   1.77572
   749	   0.62922	   0.59494	   0.05142	   0.63724
   750	   0.47067	   0.59087	   0.07247	   0.61218
   751	   0.75620	   0.60716	   0.28726	   0.75004
   752	   0.67946	   0.60716	   0.28726	   1.07705
   753	   0.78906	   0.59494	   0.25261	   0.63724
   754	   0.57552	   0.59494	   0.28726	   0.63724
   755	   0.49110	   0.59087	   0.05582	   0.61218
   756	   0.52589	   0.59087	   0.18671	   0.61218
   757	   0.50775	   0.59087	   0.08009	   0.61218
   758	   0.54884	   0.59494	   0.19774	   0.63724
   759	   0.59467	   0.59494	   0.28726	   0.63724
   760	   0.56721	   0.59494	   0.28726	   0.63724
   761	   0.54883	   0.59494	   0.02124	   0.63724
   762	   0.50091	   0.59087	   0.17967	   0.61218
   763	   0.51186	   0.59087	   0.27018	   0.61218
   764	   0.45385	   0.59087	   0.00964	   0.61218
   765	   0.55759	   0.59087	   0.28726	   0.61218
   766	   0.46701	   0.59087	   0.00070	   0.61218
   767	   0.56417	   0.59494	   0.12194	   0.63724
   768	   0.45725	   0.59087	   0.00354	   0.61218
   769	   0.57110	   0.59494	   0.17632	   0.63724
   770	   0.64637	   0.60716	   0.28726	   0.96925
   771	   0.46455	   0.59087	   0.01763	   0.61218
   772	   0.59404	   0.59494	   0.28726	   0.63724
   773	   0.47793	   0.59087	   0.06756	   0.61218
   774	   0.50026	   0.59087	   0.13615	   0.61218
   775	   0.48803	   0.59087	   0.04592	   0.61218
   776	   0.56909	   0.59494	   0.04048	   0.63724
   777	   0.66257	   0.59494	   0.28726	   0.63724
   778	   0.56572	   0.60716	   0.07163	   0.63724
   779	   0.68579	   0.60716	   0.02928	   0.63724
   780	   0.65461	   0.60716	   0.11201	   0.63724
   781	   0.69583	   0.60716	   0.56205	   0.63724
   782	   0.64477	   0.60716	   0.48662	   0.63724
   783	   0.65755	   0.60716	   0.46951	   0.63724
   784	   0.67823	   0.60716	   0.05727	   0.63724
   785	   0.54660	   0.59494	   0.12978	   0.63516
   786	   0.59570	   0.60716	   0.09755	   0.63724
   787	   0.51823	   0.59494	   0.04246	   0.63516
   788	   0.68203	   0.60786	   0.58043	   0.82635
   789	   0.69245	   0.60786	   0.58043	   0.91309
   790	   0.53084	   0.59494	   0.00498	   0.63516
   791	   0.54800	   0.59494	   0.09959	   0.63516
   792	   0.62657	   0.60716	   0.25638	   0.63724
   793	   0.54951	   0.59494	   0.12676	   0.63516
   794	   0.55308	   0.59494	   0.24485	   0.63516
   795	   0.90052	   0.60786	   0.58043	   0.78983
   796	   0.49952	   0.59494	   0.00648	   0.63516
   797	   0.51869	   0.59494	   0.03678	   0.63516
   798	   0.78756	   0.60786	   0.58043	   1.12970
   799	   0.69160	   0.60786	   0.58043	   0.96994
   800	   0.98756	   0.60786	   0.58043	   1.74249
   801	   0.53972	   0.59494	   0.10622	   0.63516
   802	   0.74510	   0.60716	   0.36433	   0.63724
   803	   0.77798	   0.60786	   0.58043	   0.79690
   804	   0.49691	   0.59494	   0.03924	   0.63516
   805	   1.18211	   0.60716	   0.45196	   0.63724
   806	   0.65755	   0.60786	   0.58043	   0.79259
   807	   0.64387	   0.60716	   0.07399	   0.63724
   808	   0.55921	   0.59494	   0.22312	   0.63516
   809	   0.50940	   0.59494	   0.00239	   0.63516
   810	   0.58219	   0.59494	   0.44023	   0.63516
   811	   0.70154	   0.60786	   0.58043	   0.63724
   812	   0.54565	   0.59494	   0.24883	   0.63516
   813	   0.66246	   0.60786	   0.58043	   0.80554
   814	   0.71981	   0.60786	   0.58043	   0.99788
   815	   0.50657	   0.59494	   0.01049	   0.63516
   816	   0.58556	   0.60716	   0.31970	   0.63724
   817	   0.62154	   0.60716	   0.35559	   0.63724
   818	   0.57763	   0.60716	   0.19754	   0.63724
   819	   0.63905	   0.60716	   0.14281	   0.63724
   820	   0.50285	   0.59494	   0.05276	   0.63516
   821	   0.71278	   0.60786	   0.58043	   0.88460
   822	   0.49628	   0.59494	   0.04573	   0.63516
   823	   0.48921	   0.59494	   0.00135	   0.63516
   824	   0.55252	   0.59494	   0.20327	   0.63516
   825	   0.49266	   0.59494	   0.01390	   0.63516
   826	   0.58718	   0.59494	   0.46297	   0.63516
   827	   0.64426	   0.60716	   0.38437	   0.63724
   828	   0.80344	   0.60786	   0.58043	   1.24579
   829	   0.71972	   0.60786	   0.58043	   1.10536
   830	   0.60619	   0.60716	   0.43340	   0.63724
   831	   0.50160	   0.59494	   0.03701	   0.63516
   832	   0.74038	   0.60786	   0.58043	   0.63724
   833	   0.76726	   0.60786	   0.58043	   0.73630
   834	   0.56581	   0.59494	   0.20698	   0.63516
   835	   0.67305	   0.60716	   0.39223	   0.63724
   836	   0.92165	   0.60786	   0.58043	   2.17021
   837	   0.53459	   0.59494	   0.15789	   0.63516
   838	   0.49063	   0.59494	   0.01942	   0.63516
   839	   0.55223	   0.59494	   0.26452	   0.63516
   840	   0.52320	   0.59494	   0.01648	   0.63516
   841	   0.57920	   0.60716	   0.20660	   0.63724
   842	   0.54309	   0.59494	   0.08460	   0.63516
   843	   0.74090	   0.60716	   0.43243	   0.63724
   844	   0.54282	   0.59494	   0.14571	   0.63516
   845	   0.79353	   0.60786	   0.58043	   1.07070
   846	   0.63760	   0.60786	   0.58043	   0.66466
   847	   0.53170	   0.59494	   0.05913	   0.63516
   848	   0.64176	   0.60716	   0.11762	   0.63724
   849	   0.57315	   0.59494	   0.36320	   0.63516
   850	   0.60241	   0.60716	   0.30461	   0.63724
   851	   0.83256	   0.60786	   0.58043	   0.69903
   852	   0.93682	   0.60786	   0.58043	   0.87907
   853	   0.57780	   0.60716	   0.22592	   0.63724
   854	   0.58388	   0.60716	   0.12421	   0.63724
   855	   0.80373	   0.60716	   0.15627	   0.63724
   856	   0.53248	   0.59494	   0.16682	   0.63516
   857	   0.53753	   0.59494	   0.00913	   0.63516
   858	   0.53323	   0.59494	   0.10589	   0.63516
   859	   0.66262	   0.60786	   0.58043	   0.63924
   860	   0.52803	   0.59494	   0.11238	   0.63516
   861	   0.83957	   0.60786	   0.58043	   0.76809
   862	   0.51570	   0.59494	   0.06392	   0.63516
   863	   0.53167	   0.59494	   0.21782	   0.63516
   864	   0.65743	   0.60716	   0.05710	   0.63724
   865	   1.21849	   0.60716	   0.32141	   0.63724
   866	   0.59334	   0.60716	   0.16517	   0.63724
   867	   0.89755	   0.60786	   0.58043	   1.29748
   868	   0.70410	   0.60716	   0.16738	   0.63724
   869	   0.60700	   0.60716	   0.40158	   0.63724
   870	   0.78826	   0.60716	   0.34700	   0.63724
   871	   0.52535	   0.59494	   0.04797	   0.63516
   872	   0.80813	   0.60786	   0.58043	   1.48427
   873	   1.01539	   0.60786	   0.58043	   2.41510
   874	   0.67861	   0.60786	   0.58043	   0.63724
   875	   0.54955	   0.59494	   0.19586	   0.63516
   876	   1.02200	   0.60786	   0.58043	   2.31098
   877	   0.49881	   0.59494	   0.04715	   0.63516
   878	   0.64093	   0.60716	   0.58043	   0.63724
   879	   0.84176	   0.60716	   0.13446	   0.63724
   880	   0.50331	   0.59494	   0.01623	   0.63516
   881	   0.62355	   0.60716	   0.45275	   0.63724
   882	   0.69948	   0.60786	   0.58043	   0.98792
   883	   0.52797	   0.59494	   0.07586	   0.63516
   884	   0.62816	   0.60716	   0.52595	   0.63724
   885	   0.49892	   0.59494	   0.05306	   0.63516
   886	   0.59079	   0.59494	   0.46373	   0.63516
   887	   0.59643	   0.60716	   0.41827	   0.63724
   888	   0.71907	   0.60786	   0.58043	   0.85157
   889	   0.63103	   0.60716	   0.49951	   0.63724
   890	   0.53539	   0.59494	   0.03766	   0.63516
   891	   0.80148	   0.60786	   0.58043	   1.15065
   892	   0.57415	   0.60716	   0.08626	   0.63724
   893	   0.73971	   0.60716	   0.57841	   0.63724
   894	   0.58312	   0.59494	   0.46137	   0.63516
   895	   0.84389	   0.60786	   0.58043	   1.60401
   896	   0.55570	   0.59494	   0.17145	   0.63516
   897	   0.68718	   0.60786	   0.58043	   0.65521
   898	   0.52428	   0.59494	   0.06021	   0.63516
   899	   0.63109	   0.60716	   0.52319	   0.63724
   900	   0.59522	   0.60716	   0.24124	   0.63724
   901	   0.57842	   0.59790	   0.32044	   0.63516
   902	   0.51583	   0.59494	   0.05640	   0.63516
   903	   0.51141	   0.59494	   0.04072	   0.63516
   904	   0.62762	   0.60786	   0.58043	   0.65581
   905	   0.64743	   0.60786	   0.58043	   0.68553
   906	   0.58143	   0.59494	   0.40672	   0.63516
   907	   0.57160	   0.60716	   0.12167	   0.63724
   908	   0.50414	   0.59494	   0.06468	   0.63516
   909	   0.58993	   0.59494	   0.44152	   0.63516
   910	   0.55464	   0.59494	   0.08932	   0.63516
   911	   0.67258	   0.60716	   0.34387	   0.63724
   912	   0.53731	   0.59494	   0.04064	   0.63516
   913	   0.49510	   0.59494	   0.02071	   0.63516
   914	   0.62386	   0.60716	   0.47181	   0.63724
   915	   0.58513	   0.59494	   0.48934	   0.63516
   916	   0.81446	   0.60716	   0.14469	   0.63724
   917	   0.57025	   0.59771	   0.23899	   0.63516
   918	   0.82016	   0.60786	   0.58043	   1.49245
   919	   0.91651	   0.60716	   0.50638	   0.63724
   920	   0.50170	   0.59494	   0.05790	   0.63516
   921	   0.72260	   0.60786	   0.58043	   0.92496
   922	   0.53276	   0.59494	   0.22874	   0.63516
   923	   0.64301	   0.60716	   0.19122	   0.63724
   924	   0.82288	   0.60786	   0.58043	   1.29950
   925	   0.57122	   0.59494	   0.26689	   0.63516
   926	   0.50119	   0.59494	   0.01106	   0.63516
   927	   0.87362	   0.60786	   0.58043	   1.81999
   928	   0.68575	   0.60716	   0.17465	   0.63724
   929	   0.58010	   0.60095	   0.33416	   0.63516
   930	   0.59997	   0.60003	   0.53384	   0.63516
   931	   0.62604	   0.60716	   0.12591	   0.63724
   932	   0.52600	   0.59494	   0.18870	   0.63516
   933	   0.58855	   0.60716	   0.25006	   0.63724
   934	   0.61948	   0.60716	   0.18783	   0.63724
   935	   0.58716	   0.60716	   0.21570	   0.63724
   936	   0.48972	   0.59494	   0.00960	   0.63516
   937	   0.49991	   0.59494	   0.06363	   0.63516
   938	   0.55832	   0.60716	   0.09067	   0.63516
   939	   0.71172	   0.60786	   0.58043	   1.03717
   940	   0.92331	   0.60786	   0.58043	   1.04742
   941	   0.72829	   0.60786	   0.58043	   1.11424
   942	   0.51073	   0.59494	   0.00550	   0.63516
   943	   0.77640	   0.60716	   0.47485	   0.63724
   944	   0.54586	   0.59494	   0.26923	   0.63516
   945	   0.57607	   0.60716	   0.26822	   0.63516
   946	   0.57419	   0.60716	   0.12032	   0.63724
   947	   1.08066	   0.60786	   0.58043	   2.88701
   948	   0.55973	   0.59494	   0.25004	   0.63516
   949	   0.57645	   0.60716	   0.22218	   0.63724
   950	   0.60460	   0.60716	   0.14093	   0.63724
   951	   0.71568	   0.60716	   0.10644	   0.63724
   952	   0.67898	   0.60786	   0.58043	   0.76528