Loci	Mean_rho	Median	L95	U95
     0	1530.26324	1595.38593	 323.52717	1745.35303
     1	   0.84810	   0.73730	   0.03066	   2.02973
     2	   0.63575	   0.71652	   0.01191	   1.33100
     3	   0.63582	   0.71652	   0.01506	   1.33100
     4	   0.66709	   0.71264	   0.02741	   1.33100
     5	   0.73466	   0.72358	   0.07553	   1.33100
     6	   0.71200	   0.72264	   0.00669	   1.35771
     7	   0.63284	   0.71264	   0.01197	   1.33100
     8	   0.74581	   0.72264	   0.05860	   1.35771
     9	   0.67152	   0.71652	   0.02252	   1.35771
    10	   0.70076	   0.71652	   0.06824	   1.33100
    11	   0.63708	   0.71264	   0.02423	   1.33100
    12	   0.71772	   0.72220	   0.02491	   1.43452
    13	   0.66391	   0.71264	   0.04850	   1.33100
    14	   0.77257	   0.72688	   0.07890	   1.94653
    15	   0.80646	   0.73533	   0.04113	   1.54139
    16	   0.68854	   0.71434	   0.03746	   1.33100
    17	   0.64520	   0.71264	   0.00420	   1.33100
    18	   0.83852	   0.74795	   0.09439	   1.54139
    19	   0.74265	   0.72688	   0.06558	   1.33100
    20	   0.76694	   0.72912	   0.07217	   1.33100
    21	   0.68885	   0.71434	   0.06315	   1.33100
    22	   0.77114	   0.73265	   0.06186	   1.33100
    23	   0.82407	   0.73730	   0.12319	   1.40372
    24	   0.73207	   0.72530	   0.02034	   1.35771
    25	   0.80009	   0.72688	   0.07049	   2.06195
    26	   0.63505	   0.71264	   0.00312	   1.33100
    27	   0.64402	   0.71264	   0.01665	   1.33100
    28	   0.82538	   0.72912	   0.10865	   1.97369
    29	   0.60631	   0.71209	   0.00261	   1.33100
    30	   0.90249	   0.74537	   0.10708	   2.33060
    31	   0.65300	   0.71887	   0.02957	   1.33100
    32	   0.71493	   0.72530	   0.03079	   1.33100
    33	   0.87716	   0.74461	   0.04905	   2.05724
    34	   0.89923	   0.74537	   0.03079	   1.70983
    35	   0.65624	   0.71652	   0.03053	   1.33100
    36	   0.90253	   0.74537	   0.03079	   3.07679
    37	   0.68884	   0.71887	   0.02089	   1.54139
    38	   1.00723	   0.74692	   0.13341	   2.33060
    39	   0.63326	   0.71209	   0.03079	   1.33100
    40	   0.70719	   0.72264	   0.09149	   1.35771
    41	   0.68961	   0.71264	   0.15972	   1.35771
    42	   0.75665	   0.72688	   0.01665	   1.62996
    43	   0.65308	   0.71652	   0.03680	   1.35771
    44	   0.85541	   0.74596	   0.16145	   2.10647
    45	   0.63903	   0.71264	   0.02769	   1.35771
    46	   0.63676	   0.71652	   0.00086	   1.46345
    47	   0.87048	   0.73265	   0.03080	   3.10334
    48	   0.82906	   0.73533	   0.09881	   1.69087
    49	   0.67200	   0.72220	   0.00116	   1.63958
    50	   0.70284	   0.72220	   0.00871	   1.54139
    51	   1.16269	   0.74795	   0.07508	   4.68525
    52	   1.12734	   0.74596	   0.35680	   3.59032
    53	   0.78570	   0.73533	   0.03019	   1.54139
    54	   0.74688	   0.72358	   0.03564	   1.78221
    55	   1.12447	   0.74692	   0.03079	   3.73100
    56	   0.74622	   0.72264	   0.10072	   1.47819
    57	   0.78759	   0.72530	   0.06043	   1.63958
    58	   0.76639	   0.72530	   0.03737	   1.46904
    59	   0.68063	   0.71652	   0.02148	   1.35771
    60	   1.03509	   0.73996	   0.05647	   3.24271
    61	   0.68175	   0.71887	   0.05871	   1.35771
    62	   0.81658	   0.72688	   0.01939	   2.33060
    63	   0.64233	   0.71652	   0.00077	   1.54139
    64	   1.29293	   0.74692	   0.07330	   5.36713
    65	   0.74935	   0.72530	   0.08364	   1.67462
    66	   1.68794	   0.75415	   0.12015	   6.24226
    67	   0.71954	   0.72220	   0.01753	   1.54139
    68	   0.76039	   0.72688	   0.06051	   1.63958
    69	   0.93588	   0.73996	   0.09084	   2.75085
    70	   0.60627	   0.71135	   0.00054	   1.33010
    71	   0.64207	   0.71134	   0.03013	   1.30230
    72	   0.90945	   0.73533	   0.02370	   2.42469
    73	   1.37410	   0.74596	   0.07025	   6.80685
    74	   0.56973	   0.70903	   0.01478	   1.14841
    75	   0.55815	   0.70872	   0.01119	   1.14644
    76	   0.56369	   0.70872	   0.03229	   1.14644
    77	   0.89071	   0.73975	   0.05747	   2.24632
    78	   0.76711	   0.71887	   0.23088	   1.49325
    79	   0.84477	   0.72220	   0.08296	   1.85203
    80	   0.79517	   0.71135	   0.26341	   2.07528
    81	   0.68017	   0.70903	   0.06495	   1.42666
    82	   0.75925	   0.72220	   0.16731	   1.26684
    83	   0.91975	   0.73730	   0.30764	   2.58412
    84	   0.53739	   0.69796	   0.01425	   0.78752
    85	   0.63853	   0.70795	   0.06664	   1.14013
    86	   0.55232	   0.69012	   0.05784	   0.76796
    87	   0.59694	   0.70082	   0.07208	   0.76796
    88	   0.54758	   0.68821	   0.03079	   0.76796
    89	   0.65522	   0.70903	   0.26725	   0.87847
    90	   0.50621	   0.68821	   0.00802	   0.76796
    91	   0.54384	   0.68821	   0.03896	   0.76796
    92	   0.70707	   0.70903	   0.03079	   1.38058
    93	   0.52183	   0.68821	   0.01171	   0.76796
    94	   0.51781	   0.68821	   0.00886	   0.76796
    95	   0.52547	   0.68821	   0.03966	   0.76796
    96	   0.59164	   0.70082	   0.06201	   0.81594
    97	   0.50255	   0.68821	   0.01898	   0.76796
    98	   0.61117	   0.70872	   0.02220	   1.04203
    99	   0.53178	   0.68821	   0.03079	   0.76796
   100	   0.55614	   0.68821	   0.05730	   0.76796
   101	   0.60593	   0.70134	   0.07129	   0.95323
   102	   0.54142	   0.69012	   0.03079	   0.77481
   103	   0.65775	   0.70903	   0.06175	   1.44223
   104	   0.55666	   0.69012	   0.03079	   0.76796
   105	   0.56464	   0.69796	   0.04387	   0.77481
   106	   0.52421	   0.68821	   0.00657	   0.76796
   107	   0.52772	   0.69012	   0.01696	   0.77481
   108	   0.52402	   0.69012	   0.02789	   0.77481
   109	   0.58777	   0.70134	   0.04251	   0.81594
   110	   0.51061	   0.68821	   0.01608	   0.76796
   111	   0.51516	   0.69012	   0.03046	   0.76796
   112	   0.67751	   0.71135	   0.19988	   0.99118
   113	   0.51118	   0.68821	   0.01436	   0.76796
   114	   0.73049	   0.70795	   0.06005	   2.90963
   115	   0.79327	   0.71209	   0.13371	   2.13230
   116	   0.52714	   0.69980	   0.01211	   0.78752
   117	   0.54967	   0.69980	   0.09479	   0.78752
   118	   0.51932	   0.69012	   0.02041	   0.76796
   119	   0.50314	   0.69012	   0.00513	   0.76796
   120	   0.65209	   0.70903	   0.10145	   1.38647
   121	   0.56076	   0.69980	   0.01654	   0.78752
   122	   0.73599	   0.71264	   0.18997	   1.52989
   123	   0.78247	   0.70975	   0.05139	   2.97505
   124	   0.70596	   0.70903	   0.08064	   1.63738
   125	   0.73634	   0.71134	   0.11283	   1.81076
   126	   0.53288	   0.70134	   0.00605	   0.77481
   127	   0.73275	   0.71209	   0.07584	   1.61959
   128	   0.55739	   0.70082	   0.03079	   0.76796
   129	   0.58469	   0.70082	   0.11259	   0.76796
   130	   0.54400	   0.70082	   0.04053	   0.76796
   131	   0.52713	   0.70082	   0.01321	   0.76796
   132	   0.69709	   0.70975	   0.06003	   1.29354
   133	   0.71954	   0.72220	   0.09029	   1.25426
   134	   0.67021	   0.70795	   0.10464	   1.00992
   135	   0.62517	   0.70246	   0.02263	   0.78752
   136	   0.62931	   0.70903	   0.01353	   1.10511
   137	   0.87895	   0.72220	   0.12447	   2.66850
   138	   0.75288	   0.71887	   0.03079	   1.81928
   139	   0.60776	   0.70795	   0.04022	   0.91912
   140	   0.59746	   0.70300	   0.02430	   0.81594
   141	   0.56081	   0.70246	   0.02032	   0.78752
   142	   0.78540	   0.70975	   0.06041	   2.82126
   143	   0.67889	   0.70975	   0.07652	   1.37456
   144	   0.69483	   0.71134	   0.03178	   1.44514
   145	   0.57356	   0.70246	   0.03795	   0.78752
   146	   0.89199	   0.72220	   0.13982	   4.91340
   147	   0.74602	   0.71652	   0.03987	   1.90770
   148	   0.53556	   0.70134	   0.01478	   0.76796
   149	   0.55106	   0.70134	   0.03246	   0.76796
   150	   0.53327	   0.70134	   0.00341	   0.76796
   151	   0.57711	   0.70134	   0.02333	   0.76796
   152	   0.90577	   0.72220	   0.13575	   2.86097
   153	   1.02833	   0.73265	   0.12376	   2.84153
   154	   0.63928	   0.70795	   0.10570	   0.78752
   155	   0.78330	   0.71264	   0.02707	   2.27827
   156	   0.58756	   0.70171	   0.04482	   0.78752
   157	   0.60694	   0.70795	   0.04502	   0.80039
   158	   0.57632	   0.70300	   0.03464	   0.78752
   159	   0.59124	   0.70171	   0.01615	   0.78752
   160	   0.53292	   0.70134	   0.01880	   0.77481
   161	   0.98497	   0.71887	   0.03223	   4.46401
   162	   0.64229	   0.70903	   0.03579	   0.85420
   163	   0.66845	   0.71134	   0.03309	   1.04957
   164	   0.69323	   0.71135	   0.04955	   1.19934
   165	   0.76424	   0.71264	   0.05903	   2.19441
   166	   0.53144	   0.70082	   0.00279	   0.76796
   167	   0.69253	   0.71209	   0.17205	   1.15799
   168	   0.59869	   0.70082	   0.07370	   0.76796
   169	   0.60512	   0.70082	   0.14131	   0.76796
   170	   0.60891	   0.70300	   0.04498	   1.51293
   171	   0.57836	   0.70300	   0.02285	   0.93730
   172	   0.58097	   0.70134	   0.07135	   0.77481
   173	   0.94536	   0.71652	   0.16511	   3.61069
   174	   0.53369	   0.70134	   0.02331	   0.77481
   175	   0.76048	   0.71887	   0.08454	   1.76134
   176	   0.69368	   0.71135	   0.15524	   1.18226
   177	   0.69014	   0.71134	   0.08678	   1.23337
   178	   0.82152	   0.72530	   0.05019	   2.04608
   179	   0.59725	   0.70246	   0.03079	   0.81594
   180	   0.58311	   0.70171	   0.07187	   0.78752
   181	   0.83275	   0.71264	   0.03975	   2.70742
   182	   0.86399	   0.71652	   0.16636	   2.64903
   183	   0.75644	   0.71134	   0.14333	   2.11962
   184	   0.52945	   0.70134	   0.00633	   0.77481
   185	   0.61649	   0.70872	   0.09626	   0.81594
   186	   0.59427	   0.70134	   0.08889	   0.77481
   187	   0.60049	   0.70300	   0.01875	   1.02084
   188	   0.95247	   0.72912	   0.35387	   2.24916
   189	   0.66221	   0.70975	   0.09768	   0.93088
   190	   0.59011	   0.70246	   0.03721	   0.81594
   191	   0.86342	   0.71887	   0.18476	   2.41330
   192	   0.59315	   0.70246	   0.05431	   0.81594
   193	   1.13890	   0.73265	   0.13128	   4.19331
   194	   0.92223	   0.71887	   0.05021	   3.10968
   195	   0.68698	   0.70872	   0.02949	   1.80362
   196	   0.57246	   0.70246	   0.01358	   0.81594
   197	   0.92816	   0.72358	   0.46577	   2.24499
   198	   1.19628	   0.72264	   0.30006	   7.78777
   199	   0.72447	   0.71209	   0.08333	   1.51713
   200	   0.54379	   0.70134	   0.01931	   0.77481
   201	   0.62265	   0.70795	   0.05245	   0.87196
   202	   0.52190	   0.70134	   0.00358	   0.77481
   203	   1.10645	   0.73265	   0.18740	   3.06323
   204	   0.54203	   0.70134	   0.00760	   0.76796
   205	   0.54178	   0.70134	   0.02304	   0.76796
   206	   0.58219	   0.70134	   0.11037	   0.76796
   207	   0.70348	   0.70903	   0.03079	   1.40846
   208	   0.64805	   0.70975	   0.05473	   0.91193
   209	   0.72682	   0.71264	   0.03079	   1.48624
   210	   0.57106	   0.70082	   0.03544	   0.76796
   211	   0.74376	   0.71209	   0.03970	   1.74215
   212	   0.74183	   0.71652	   0.09758	   1.48012
   213	   0.62146	   0.70300	   0.07327	   0.78752
   214	   0.58070	   0.70082	   0.08254	   0.76796
   215	   0.52357	   0.70082	   0.00281	   0.76796
   216	   0.53093	   0.70082	   0.00826	   0.76796
   217	   0.54141	   0.70082	   0.02489	   0.76796
   218	   0.54640	   0.70082	   0.03059	   0.76796
   219	   0.58603	   0.70134	   0.04437	   0.77481
   220	   0.83529	   0.71135	   0.14412	   3.57547
   221	   0.58618	   0.70134	   0.04214	   0.76796
   222	   0.54790	   0.70082	   0.02815	   0.76796
   223	   0.63326	   0.70300	   0.07578	   0.78752
   224	   0.54223	   0.70082	   0.01731	   0.76796
   225	   0.69379	   0.71135	   0.10760	   1.30105
   226	   0.54687	   0.70082	   0.01553	   0.76796
   227	   0.76922	   0.71652	   0.14620	   1.79486
   228	   0.66827	   0.70991	   0.04130	   1.02001
   229	   0.67080	   0.71264	   0.07406	   0.87625
   230	   0.64690	   0.70872	   0.08942	   0.90782
   231	   1.02926	   0.72912	   0.58154	   4.40626
   232	   0.54766	   0.70082	   0.03079	   0.76796
   233	   0.58226	   0.70134	   0.03079	   0.77481
   234	   0.55763	   0.70082	   0.02084	   0.76796
   235	   0.56857	   0.70082	   0.02110	   0.76796
   236	   0.66465	   0.70903	   0.05233	   1.91536
   237	   1.00619	   0.72264	   0.34619	   5.11383
   238	   0.62168	   0.70795	   0.05502	   1.05236
   239	   0.56840	   0.70082	   0.06663	   0.76796
   240	   0.55331	   0.70082	   0.02721	   0.76796
   241	   0.87039	   0.72688	   0.09607	   2.47086
   242	   0.58033	   0.70134	   0.11501	   0.77481
   243	   0.90969	   0.72912	   0.03079	   2.27189
   244	   0.65123	   0.70872	   0.03105	   1.36323
   245	   0.55297	   0.70134	   0.02319	   0.77481
   246	   0.75878	   0.71652	   0.13560	   1.92986
   247	   0.63174	   0.70795	   0.06307	   1.30855
   248	   0.91485	   0.71264	   0.13658	   4.11934
   249	   0.54903	   0.70171	   0.01383	   0.78752
   250	   0.55749	   0.70171	   0.01598	   0.78752
   251	   0.87859	   0.71887	   0.07243	   2.43026
   252	   0.93078	   0.71887	   0.05755	   2.75567
   253	   0.55530	   0.70171	   0.03079	   0.78752
   254	   0.55261	   0.70171	   0.03479	   0.78752
   255	   0.82095	   0.72264	   0.05669	   1.73126
   256	   0.80359	   0.71264	   0.20829	   1.71417
   257	   0.62209	   0.70171	   0.15353	   0.77481
   258	   0.56321	   0.70134	   0.04116	   0.77481
   259	   0.84894	   0.72264	   0.06636	   2.83354
   260	   0.61574	   0.70300	   0.04856	   0.83137
   261	   0.52537	   0.70082	   0.01127	   0.76796
   262	   0.51594	   0.70082	   0.00222	   0.76796
   263	   0.80295	   0.71209	   0.03079	   3.26553
   264	   0.55071	   0.70134	   0.01221	   0.77481
   265	   0.52829	   0.70082	   0.01303	   0.76796
   266	   0.53111	   0.70082	   0.00485	   0.76796
   267	   0.86766	   0.70975	   0.11843	   4.19461
   268	   0.63290	   0.70795	   0.03079	   0.80169
   269	   0.59013	   0.70134	   0.02823	   0.77481
   270	   0.62737	   0.70872	   0.06130	   0.79668
   271	   0.67778	   0.70903	   0.23500	   1.12764
   272	   0.58261	   0.70300	   0.05410	   0.78752
   273	   0.52456	   0.70082	   0.00384	   0.76796
   274	   0.59827	   0.70246	   0.01385	   0.77481
   275	   0.70085	   0.70903	   0.07538	   1.06739
   276	   0.59424	   0.70171	   0.03339	   0.77481
   277	   0.60061	   0.70171	   0.02120	   0.81594
   278	   0.68158	   0.70975	   0.09375	   1.20974
   279	   0.61178	   0.70134	   0.07153	   0.78752
   280	   0.78189	   0.71264	   0.03079	   3.23286
   281	   0.89045	   0.70991	   0.03079	   4.86029
   282	   1.05110	   0.72264	   0.02593	   4.05468
   283	   0.71726	   0.70975	   0.12070	   1.74835
   284	   0.61932	   0.70171	   0.05876	   0.81594
   285	   0.77751	   0.71264	   0.14333	   1.88897
   286	   0.70619	   0.71264	   0.02580	   1.35003
   287	   0.62108	   0.70903	   0.06143	   0.81594
   288	   0.61408	   0.70171	   0.08529	   0.86962
   289	   0.64430	   0.70903	   0.03535	   2.01276
   290	   0.67430	   0.70872	   0.03682	   1.71699
   291	   0.56720	   0.70134	   0.03264	   0.83104
   292	   0.66740	   0.71134	   0.13695	   1.03501
   293	   0.40221	   0.35603	   0.01707	   0.76741
   294	   0.27922	   0.16777	   0.03079	   0.75950
   295	   0.20699	   0.16382	   0.03971	   0.67627
   296	   0.19397	   0.16351	   0.03226	   0.62964
   297	   0.21591	   0.16893	   0.06496	   0.62121
   298	   0.28725	   0.17003	   0.10625	   1.04159
   299	   0.20404	   0.16405	   0.01972	   0.62121
   300	   0.21993	   0.16610	   0.01874	   0.80404
   301	   0.71787	   0.17334	   0.07658	   5.18885
   302	   0.34905	   0.17334	   0.08894	   1.17127
   303	   0.50714	   0.17003	   0.02974	   2.34916
   304	   0.13735	   0.15295	   0.01888	   0.21837
   305	   0.13199	   0.15470	   0.00499	   0.21837
   306	   0.48977	   0.16928	   0.07718	   3.43405
   307	   0.18403	   0.16351	   0.03079	   0.63504
   308	   0.19905	   0.16983	   0.03245	   0.38901
   309	   0.15478	   0.15974	   0.01976	   0.24715
   310	   0.17196	   0.16610	   0.01069	   0.29885
   311	   0.21923	   0.17158	   0.13695	   0.56825
   312	   0.14039	   0.15470	   0.00363	   0.23307
   313	   0.15732	   0.15974	   0.00443	   0.38723
   314	   0.16398	   0.15982	   0.01467	   0.41029
   315	   0.18695	   0.16351	   0.03079	   0.66514
   316	   0.12690	   0.15287	   0.00354	   0.21808
   317	   0.15695	   0.16057	   0.02576	   0.25769
   318	   0.18508	   0.16232	   0.06476	   0.50347
   319	   0.49768	   0.17367	   0.13728	   2.43892
   320	   0.42661	   0.16983	   0.05201	   2.41548
   321	   0.23391	   0.16660	   0.02666	   0.92312
   322	   0.19546	   0.16351	   0.03039	   0.61408
   323	   0.14520	   0.15557	   0.02976	   0.23307
   324	   0.28897	   0.17003	   0.09231	   1.01594
   325	   0.13226	   0.15244	   0.00745	   0.21706
   326	   0.21406	   0.16477	   0.03723	   0.70720
   327	   0.35660	   0.16777	   0.07941	   2.80388
   328	   0.12727	   0.15244	   0.01001	   0.21706
   329	   0.28576	   0.16660	   0.05436	   1.48346
   330	   0.15625	   0.15557	   0.00823	   0.27775
   331	   0.16045	   0.16057	   0.02482	   0.23307
   332	   0.18704	   0.16382	   0.01899	   0.60325
   333	   0.24026	   0.16660	   0.02040	   1.07448
   334	   0.13851	   0.15295	   0.03079	   0.21706
   335	   0.13017	   0.15287	   0.00465	   0.21706
   336	   0.17989	   0.16351	   0.05329	   0.49036
   337	   0.18896	   0.16382	   0.04530	   0.65931
   338	   0.13739	   0.15287	   0.03292	   0.21706
   339	   0.14752	   0.15974	   0.02777	   0.23307
   340	   0.20980	   0.16610	   0.02263	   0.57646
   341	   0.24106	   0.16477	   0.02112	   0.83954
   342	   0.14748	   0.15522	   0.01030	   0.23307
   343	   0.37064	   0.16928	   0.04124	   2.17310
   344	   0.24119	   0.16172	   0.03085	   1.07248
   345	   0.57018	   0.17354	   0.13695	   2.48347
   346	   0.44264	   0.17121	   0.12789	   2.54919
   347	   0.16035	   0.15982	   0.01181	   0.37096
   348	   0.16974	   0.15982	   0.01201	   0.26205
   349	   0.20943	   0.16351	   0.03079	   0.83529
   350	   0.13843	   0.15295	   0.03079	   0.21706
   351	   0.16021	   0.15557	   0.03154	   0.46490
   352	   0.23972	   0.16777	   0.03129	   0.82558
   353	   0.15618	   0.15851	   0.03247	   0.23307
   354	   0.24536	   0.16660	   0.03757	   0.84093
   355	   0.14339	   0.15522	   0.02601	   0.21963
   356	   0.16685	   0.16405	   0.06749	   0.26137
   357	   0.13768	   0.15470	   0.01007	   0.21706
   358	   0.18202	   0.16098	   0.02267	   0.51535
   359	   0.15070	   0.15470	   0.03507	   0.21808
   360	   0.17443	   0.16098	   0.03079	   0.54624
   361	   0.18895	   0.16125	   0.02242	   0.55598
   362	   0.19590	   0.16660	   0.04928	   0.52685
   363	   0.16988	   0.16007	   0.01595	   0.54624
   364	   0.26454	   0.17003	   0.12789	   0.97397
   365	   0.29023	   0.16983	   0.06876	   0.94233
   366	   0.18424	   0.16098	   0.03729	   0.65300
   367	   0.13713	   0.15287	   0.01242	   0.21808
   368	   0.19171	   0.16351	   0.03079	   0.59774
   369	   0.28297	   0.16477	   0.01421	   1.36602
   370	   0.20086	   0.16893	   0.02199	   0.42237
   371	   0.19785	   0.16172	   0.05063	   0.88320
   372	   0.18525	   0.16172	   0.04934	   0.47830
   373	   0.42457	   0.17334	   0.12789	   1.79265
   374	   0.24237	   0.17003	   0.06153	   0.68818
   375	   0.29600	   0.16660	   0.03738	   1.40778
   376	   0.13660	   0.15287	   0.01668	   0.21706
   377	   0.29376	   0.16284	   0.03334	   1.79516
   378	   0.17741	   0.16382	   0.03715	   0.44700
   379	   0.21561	   0.16660	   0.06975	   0.68498
   380	   0.16674	   0.16351	   0.00998	   0.27376
   381	   0.20210	   0.16983	   0.12789	   0.47442
   382	   0.23426	   0.17121	   0.06169	   0.70002
   383	   0.15024	   0.15522	   0.01932	   0.32053
   384	   0.25296	   0.16983	   0.10596	   0.86919
   385	   0.13575	   0.15287	   0.00246	   0.21808
   386	   0.19699	   0.16351	   0.03211	   0.55675
   387	   0.17661	   0.16057	   0.01163	   0.55675
   388	   0.15308	   0.15470	   0.02403	   0.23307
   389	   0.21621	   0.17121	   0.12789	   0.46915
   390	   0.26003	   0.16405	   0.02894	   1.37179
   391	   0.21059	   0.16928	   0.04715	   0.50772
   392	   0.30971	   0.16928	   0.07001	   1.14182
   393	   0.15444	   0.16007	   0.01617	   0.24649
   394	   0.19714	   0.16660	   0.07010	   0.60681
   395	   0.15481	   0.15982	   0.00943	   0.27384
   396	   0.21747	   0.16983	   0.10458	   0.66814
   397	   0.15009	   0.15535	   0.00672	   0.30208
   398	   0.17833	   0.16007	   0.01449	   0.62692
   399	   0.12976	   0.15470	   0.00053	   0.21808
   400	   0.18077	   0.16382	   0.02643	   0.45915
   401	   0.19865	   0.16477	   0.01523	   0.61662
   402	   0.23180	   0.16660	   0.06865	   0.88962
   403	   0.13403	   0.15295	   0.01434	   0.21808
   404	   0.18787	   0.16610	   0.03079	   0.42932
   405	   0.13301	   0.15287	   0.01604	   0.21706
   406	   0.17709	   0.16172	   0.02891	   0.38752
   407	   0.16010	   0.16007	   0.02965	   0.29685
   408	   0.17719	   0.16057	   0.00129	   0.54130
   409	   0.12681	   0.15244	   0.00511	   0.21706
   410	   0.13940	   0.15287	   0.02414	   0.21808
   411	   0.33300	   0.17003	   0.06798	   1.33385
   412	   0.15862	   0.16007	   0.00908	   0.32364
   413	   0.15176	   0.15974	   0.00396	   0.32364
   414	   0.14366	   0.15535	   0.02180	   0.24390
   415	   0.25456	   0.16536	   0.01659	   1.29423
   416	   0.22922	   0.16983	   0.05925	   0.85411
   417	   0.19469	   0.16172	   0.02251	   0.57309
   418	   0.18883	   0.16382	   0.03180	   0.55127
   419	   0.20327	   0.16660	   0.01853	   0.45999
   420	   0.31407	   0.17693	   0.12894	   0.93053
   421	   0.16640	   0.15557	   0.01011	   0.45347
   422	   0.18251	   0.15557	   0.01826	   0.45999
   423	   0.20827	   0.16610	   0.03079	   0.48830
   424	   0.26704	   0.18467	   0.04157	   0.79918
   425	   0.70475	   0.45318	   0.14519	   2.23983
   426	   0.51841	   0.45058	   0.01223	   1.59253
   427	   0.72856	   0.46432	   0.15392	   1.58510
   428	   0.55194	   0.45373	   0.07299	   1.13096
   429	   0.51257	   0.45023	   0.04944	   1.13096
   430	   0.48974	   0.45023	   0.00731	   1.13096
   431	   0.56696	   0.45347	   0.03959	   1.13096
   432	   0.64463	   0.46087	   0.03079	   1.46012
   433	   0.67933	   0.45619	   0.04340	   1.79117
   434	   0.79356	   0.45619	   0.03212	   3.72503
   435	   0.58571	   0.45373	   0.03079	   1.16649
   436	   0.53461	   0.45138	   0.01835	   1.14138
   437	   0.70884	   0.46747	   0.08290	   1.82506
   438	   0.58873	   0.45739	   0.06219	   1.14138
   439	   0.49144	   0.45058	   0.00628	   1.13096
   440	   0.72258	   0.46747	   0.04742	   1.66267
   441	   0.66637	   0.46621	   0.14797	   1.16649
   442	   0.61320	   0.45739	   0.05843	   1.25803
   443	   0.65090	   0.45739	   0.03079	   1.36402
   444	   1.39072	   0.71660	   0.13881	   5.54126
   445	   0.56537	   0.45289	   0.07218	   1.14138
   446	   0.72374	   0.47135	   0.16782	   1.67126
   447	   0.75010	   0.48830	   0.06554	   1.67126
   448	   0.87913	   0.46621	   0.02374	   2.67036
   449	   0.69621	   0.46621	   0.10582	   1.36929
   450	   0.48166	   0.44804	   0.07938	   1.09205
   451	   0.52206	   0.44980	   0.15660	   1.09205
   452	   0.65329	   0.45373	   0.02750	   1.74805
   453	   0.50432	   0.44240	   0.11980	   1.13624
   454	   0.54228	   0.44944	   0.01664	   1.23365
   455	   0.61459	   0.45347	   0.04096	   1.24837
   456	   0.41702	   0.43841	   0.01846	   1.02372
   457	   0.67201	   0.45318	   0.12261	   2.01005
   458	   0.46891	   0.44170	   0.05311	   1.08224
   459	   0.44330	   0.43936	   0.03889	   1.02372
   460	   0.38292	   0.43501	   0.03079	   0.79918
   461	   0.50490	   0.44151	   0.11210	   1.02373
   462	   0.73083	   0.44804	   0.03502	   2.64500
   463	   0.49173	   0.43923	   0.03079	   1.02860
   464	   0.36288	   0.43689	   0.01046	   0.53639
   465	   0.36235	   0.43376	   0.02305	   0.48830
   466	   0.36817	   0.43322	   0.02543	   0.47135
   467	   0.59095	   0.43936	   0.08864	   2.92123
   468	   0.54663	   0.44314	   0.06520	   1.20983
   469	   0.34102	   0.43322	   0.01057	   0.47135
   470	   0.40732	   0.43501	   0.19510	   0.48830
   471	   0.86676	   0.44804	   0.30971	   6.42070
   472	   0.44497	   0.43880	   0.02500	   1.08723
   473	   0.36758	   0.43413	   0.01637	   0.48830
   474	   0.64903	   0.44809	   0.09953	   2.34001
   475	   0.47074	   0.44648	   0.14755	   0.83875
   476	   0.36005	   0.43376	   0.02917	   0.47757
   477	   0.34681	   0.43322	   0.02354	   0.47135
   478	   0.41633	   0.43880	   0.08517	   0.52041
   479	   0.49657	   0.44944	   0.06168	   0.95013
   480	   0.46510	   0.44314	   0.08219	   1.00097
   481	   0.33787	   0.43376	   0.00519	   0.47757
   482	   0.44785	   0.43890	   0.01761	   1.11812
   483	   0.37982	   0.43376	   0.03079	   0.47757
   484	   0.36896	   0.43819	   0.00807	   0.54683
   485	   0.34705	   0.43413	   0.01020	   0.48830
   486	   0.44605	   0.43923	   0.09684	   0.99543
   487	   0.40277	   0.43819	   0.01540	   0.86530
   488	   0.62831	   0.44240	   0.05549	   3.40030
   489	   0.53967	   0.44804	   0.05059	   1.17993
   490	   0.38639	   0.43501	   0.09094	   0.49874
   491	   0.55802	   0.44314	   0.03134	   1.47247
   492	   0.59749	   0.44804	   0.17272	   2.26831
   493	   0.46105	   0.44170	   0.08286	   0.75664
   494	   0.54174	   0.44804	   0.14113	   1.24955
   495	   0.39738	   0.43501	   0.04526	   0.56563
   496	   0.36683	   0.43376	   0.02179	   0.47135
   497	   0.33666	   0.43322	   0.00415	   0.47135
   498	   0.50313	   0.44151	   0.03079	   1.57275
   499	   0.80475	   0.44314	   0.04895	   4.24553
   500	   0.39422	   0.43841	   0.03079	   0.54037
   501	   0.58841	   0.44804	   0.08619	   1.83023
   502	   0.33230	   0.43322	   0.00216	   0.47135
   503	   0.37834	   0.43413	   0.03079	   0.50712
   504	   0.35690	   0.43322	   0.03261	   0.47135
   505	   0.53966	   0.44141	   0.05185	   2.07083
   506	   0.49699	   0.43880	   0.00474	   2.10453
   507	   0.81913	   0.44648	   0.04090	   3.64313
   508	   0.44992	   0.43880	   0.03079	   1.07313
   509	   0.47003	   0.43923	   0.07997	   1.03327
   510	   0.45178	   0.43923	   0.05140	   1.37690
   511	   0.43874	   0.43819	   0.15995	   0.96258
   512	   0.33298	   0.43265	   0.00651	   0.46950
   513	   0.47476	   0.44141	   0.03318	   1.23589
   514	   0.37795	   0.43228	   0.01075	   0.46747
   515	   0.33442	   0.43228	   0.00754	   0.46747
   516	   0.35721	   0.43228	   0.04861	   0.46747
   517	   0.37322	   0.43228	   0.09593	   0.46747
   518	   0.44882	   0.44151	   0.08769	   0.82183
   519	   0.32807	   0.43228	   0.01384	   0.46747
   520	   0.37255	   0.43413	   0.01457	   0.51315
   521	   0.43510	   0.43880	   0.03079	   0.71040
   522	   0.61275	   0.44804	   0.09237	   1.94090
   523	   0.39321	   0.43689	   0.07719	   0.48326
   524	   0.40949	   0.43841	   0.05133	   0.52897
   525	   0.33258	   0.43228	   0.00314	   0.46747
   526	   0.49283	   0.44648	   0.11122	   0.96908
   527	   0.34218	   0.43265	   0.02310	   0.46950
   528	   0.55286	   0.44314	   0.13235	   1.65712
   529	   0.35970	   0.43376	   0.01421	   0.48830
   530	   0.45609	   0.43904	   0.02546	   1.24075
   531	   0.57783	   0.44648	   0.16368	   1.71388
   532	   0.33453	   0.43265	   0.00414	   0.46950
   533	   0.35187	   0.43265	   0.02429	   0.46950
   534	   0.33821	   0.43265	   0.01292	   0.46950
   535	   0.33625	   0.43265	   0.00185	   0.46950
   536	   0.42973	   0.43689	   0.02942	   0.80852
   537	   1.77997	   0.44986	   0.21921	  15.44163
   538	   0.49285	   0.43923	   0.03505	   1.66479
   539	   0.47913	   0.44141	   0.12540	   1.14335
   540	   0.55856	   0.44240	   0.05606	   1.70798
   541	   0.56139	   0.43923	   0.02307	   1.92629
   542	   0.62542	   0.43936	   0.03079	   2.82886
   543	   0.45718	   0.44170	   0.13385	   0.78548
   544	   0.39696	   0.43689	   0.02734	   1.14335
   545	   0.34054	   0.43376	   0.00086	   0.48830
   546	   0.42408	   0.43841	   0.02422	   0.82783
   547	   0.37849	   0.43413	   0.01640	   0.72977
   548	   0.99520	   0.44986	   0.34020	   4.44535
   549	   0.35466	   0.43322	   0.04663	   0.47135
   550	   0.41880	   0.43841	   0.02202	   0.70075
   551	   0.36373	   0.43376	   0.02006	   0.48830
   552	   0.57860	   0.44170	   0.03079	   1.83966
   553	   0.40676	   0.43413	   0.03079	   0.63302
   554	   0.38388	   0.43819	   0.03248	   0.49733
   555	   0.67930	   0.44314	   0.04991	   2.56839
   556	   0.38927	   0.43376	   0.03571	   0.48830
   557	   0.36961	   0.43413	   0.01641	   0.48840
   558	   0.34579	   0.43228	   0.03079	   0.46747
   559	   0.49868	   0.43936	   0.00896	   1.97965
   560	   0.33593	   0.43228	   0.01958	   0.46747
   561	   0.35985	   0.43228	   0.05058	   0.46747
   562	   0.36322	   0.43322	   0.03447	   0.47135
   563	   0.90685	   0.44986	   0.34020	   4.01069
   564	   0.45160	   0.43890	   0.06025	   0.92246
   565	   0.35288	   0.43376	   0.01388	   0.48830
   566	   0.49294	   0.43880	   0.09294	   1.24787
   567	   0.43913	   0.43880	   0.05763	   0.89632
   568	   0.36329	   0.43322	   0.01521	   0.47135
   569	   0.35152	   0.43322	   0.01876	   0.47135
   570	   0.60237	   0.44314	   0.04888	   1.84685
   571	   0.75443	   0.44944	   0.22866	   2.64525
   572	   0.43315	   0.43890	   0.08244	   0.80249
   573	   0.36896	   0.43376	   0.00670	   0.48830
   574	   1.46514	   0.44986	   0.05571	   7.05655
   575	   0.42879	   0.43689	   0.00884	   1.10415
   576	   0.33703	   0.43228	   0.01009	   0.46747
   577	   0.35730	   0.43322	   0.02864	   0.47135
   578	   0.32273	   0.43228	   0.00212	   0.46747
   579	   0.34325	   0.43322	   0.01304	   0.47135
   580	   0.43457	   0.43936	   0.06910	   0.77003
   581	   0.39245	   0.43501	   0.02230	   0.77003
   582	   0.33291	   0.43228	   0.01755	   0.46747
   583	   0.44880	   0.43904	   0.02254	   1.19915
   584	   0.52659	   0.43936	   0.03079	   1.72674
   585	   0.33344	   0.43228	   0.00657	   0.46747
   586	   0.37689	   0.43501	   0.00987	   0.51496
   587	   0.36290	   0.43322	   0.03880	   0.47135
   588	   0.36434	   0.43501	   0.02839	   0.48661
   589	   0.34727	   0.43228	   0.02586	   0.46747
   590	   0.40471	   0.43841	   0.03079	   0.64510
   591	   0.34670	   0.43228	   0.01381	   0.46747
   592	   0.44428	   0.43923	   0.08451	   0.98554
   593	   0.41847	   0.43841	   0.05289	   0.77352
   594	   0.43164	   0.43904	   0.03709	   0.91057
   595	   0.45938	   0.43880	   0.08928	   1.47251
   596	   0.49549	   0.44314	   0.08274	   1.22372
   597	   0.34316	   0.43228	   0.02780	   0.46747
   598	   0.50684	   0.44314	   0.17230	   1.04894
   599	   0.45266	   0.43904	   0.02443	   1.47493
   600	   0.45204	   0.44141	   0.04292	   0.74914
   601	   0.54065	   0.44141	   0.11354	   1.97459
   602	   0.33650	   0.43265	   0.00822	   0.46950
   603	   0.45890	   0.43904	   0.15526	   1.09169
   604	   0.51036	   0.44240	   0.06544	   1.51109
   605	   0.33525	   0.43228	   0.00910	   0.46747
   606	   0.42648	   0.43923	   0.07489	   0.74828
   607	   0.38757	   0.43265	   0.10492	   0.46950
   608	   0.40311	   0.43501	   0.03079	   0.63533
   609	   0.32686	   0.43228	   0.01011	   0.46747
   610	   0.34912	   0.43228	   0.04205	   0.46747
   611	   0.58479	   0.44314	   0.14786	   2.09943
   612	   0.32920	   0.43228	   0.00408	   0.46747
   613	   0.44841	   0.43936	   0.18302	   0.80919
   614	   0.35795	   0.43228	   0.06911	   0.46747
   615	   0.42867	   0.43689	   0.07443	   0.80115
   616	   0.60517	   0.44804	   0.24670	   2.01213
   617	   0.51360	   0.43904	   0.04028	   1.55005
   618	   0.45636	   0.44170	   0.06930	   1.04950
   619	   0.65204	   0.44240	   0.11850	   2.16874
   620	   0.34763	   0.43265	   0.03463	   0.46950
   621	   0.39263	   0.43689	   0.03984	   0.64549
   622	   0.41317	   0.43819	   0.10210	   0.63416
   623	   0.43160	   0.43923	   0.07829	   0.91985
   624	   0.34503	   0.43265	   0.00581	   0.46950
   625	   0.50539	   0.43936	   0.04472	   1.78481
   626	   0.40072	   0.43890	   0.01925	   0.48830
   627	   0.44909	   0.43841	   0.10887	   0.76283
   628	   0.32894	   0.43228	   0.01002	   0.46747
   629	   0.36510	   0.43228	   0.01131	   0.46747
   630	   0.45985	   0.44141	   0.05977	   0.89501
   631	   0.40327	   0.43501	   0.03174	   0.50212
   632	   0.36242	   0.43228	   0.06487	   0.46747
   633	   0.37555	   0.43501	   0.04690	   0.48830
   634	   0.45444	   0.44141	   0.02160	   0.96241
   635	   0.53854	   0.44314	   0.21542	   1.64833
   636	   0.40069	   0.43689	   0.02605	   0.87945
   637	   0.34351	   0.43322	   0.02122	   0.47135
   638	   0.35589	   0.43265	   0.03079	   0.46950
   639	   0.49735	   0.44141	   0.05932	   1.50007
   640	   0.36352	   0.43376	   0.01400	   0.48830
   641	   0.48035	   0.43890	   0.08843	   1.49218
   642	   0.44066	   0.43923	   0.07996	   1.10828
   643	   0.32692	   0.43228	   0.00746	   0.46747
   644	   0.41875	   0.43819	   0.03169	   0.93050
   645	   0.44417	   0.43936	   0.02870	   1.60502
   646	   0.86326	   0.45023	   0.41333	   3.88989
   647	   0.57061	   0.44944	   0.08260	   1.39549
   648	   0.73907	   0.44240	   0.07941	   3.28247
   649	   0.50159	   0.43936	   0.17766	   1.51957
   650	   0.44871	   0.43890	   0.05593	   1.11586
   651	   0.36288	   0.43376	   0.04420	   0.48830
   652	   0.39503	   0.43819	   0.00872	   0.76133
   653	   0.70887	   0.44314	   0.17478	   3.84636
   654	   0.34776	   0.43228	   0.01922	   0.46747
   655	   0.32710	   0.43228	   0.01339	   0.46747
   656	   0.38113	   0.43376	   0.12222	   0.46950
   657	   0.38108	   0.43689	   0.00937	   0.72114
   658	   0.33062	   0.43265	   0.00403	   0.46950
   659	   0.33864	   0.43265	   0.02708	   0.46950
   660	   0.60936	   0.44804	   0.13994	   2.08583
   661	   0.42835	   0.43880	   0.00970	   1.00256
   662	   0.43530	   0.43890	   0.07850	   0.89294
   663	   0.36941	   0.43265	   0.09156	   0.46747
   664	   0.34482	   0.43265	   0.03445	   0.46747
   665	   0.38664	   0.43689	   0.03467	   0.78429
   666	   0.43974	   0.43923	   0.06252	   0.71723
   667	   0.48781	   0.43936	   0.06537	   1.16719
   668	   0.45222	   0.43923	   0.04415	   1.07345
   669	   0.45674	   0.43936	   0.03113	   1.00229
   670	   0.54376	   0.43936	   0.03079	   1.22764
   671	   0.33862	   0.43322	   0.00276	   0.47135
   672	   0.41687	   0.43880	   0.02819	   0.86649
   673	   0.36215	   0.43322	   0.03079	   0.47135
   674	   0.43883	   0.43841	   0.02526	   1.13967
   675	   0.36355	   0.43322	   0.03193	   0.47135
   676	   0.42221	   0.43904	   0.02868	   0.80486
   677	   0.67766	   0.44240	   0.04904	   3.58925
   678	   0.38112	   0.43376	   0.00859	   0.48830
   679	   0.35582	   0.43228	   0.05725	   0.46747
   680	   0.33234	   0.43228	   0.01080	   0.46747
   681	   0.39969	   0.43841	   0.07896	   0.57526
   682	   0.64410	   0.44314	   0.12091	   2.54086
   683	   0.48576	   0.43936	   0.05530	   1.56170
   684	   0.41848	   0.43841	   0.03962	   0.74723
   685	   0.33688	   0.43228	   0.02725	   0.46747
   686	   0.45940	   0.43923	   0.02159	   1.10558
   687	   0.32730	   0.43228	   0.02221	   0.46747
   688	   0.50741	   0.44151	   0.11519	   1.13708
   689	   0.36365	   0.43265	   0.04370	   0.46950
   690	   0.44755	   0.43923	   0.13037	   0.97324
   691	   0.40168	   0.43689	   0.05797	   0.54501
   692	   0.64244	   0.44240	   0.17548	   1.91857
   693	   0.37666	   0.43376	   0.05580	   0.48830
   694	   0.41256	   0.43689	   0.05399	   0.70871
   695	   0.36996	   0.43376	   0.03128	   0.48830
   696	   0.35012	   0.43265	   0.02791	   0.46950
   697	   0.36543	   0.43501	   0.01431	   0.65115
   698	   0.53123	   0.44240	   0.03770	   1.31088
   699	   0.38971	   0.43501	   0.03082	   0.50843
   700	   0.38349	   0.43689	   0.03080	   0.51033
   701	   0.72996	   0.44980	   0.18588	   2.60183
   702	   0.36018	   0.43376	   0.01540	   0.48830
   703	   0.50424	   0.43923	   0.07666	   1.60484
   704	   0.34635	   0.43265	   0.03407	   0.46747
   705	   0.32531	   0.43265	   0.00796	   0.46747
   706	   0.33864	   0.43265	   0.02725	   0.46747
   707	   0.34801	   0.43322	   0.02418	   0.46950
   708	   0.47764	   0.43880	   0.03194	   1.14941
   709	   0.53556	   0.44804	   0.23944	   1.19683
   710	   0.40019	   0.43689	   0.06682	   0.48207
   711	   0.45904	   0.43904	   0.01231	   1.24857
   712	   0.49697	   0.44314	   0.05531	   1.40414
   713	   0.35600	   0.43265	   0.00531	   0.46950
   714	   0.46182	   0.43904	   0.04667	   1.26997
   715	   0.33017	   0.43228	   0.00886	   0.46747
   716	   0.59001	   0.44809	   0.17683	   2.00267
   717	   0.47915	   0.44141	   0.15492	   1.02799
   718	   0.36105	   0.43322	   0.01681	   0.47135
   719	   0.37249	   0.43228	   0.03079	   0.46747
   720	   0.52126	   0.43904	   0.11407	   2.21950
   721	   0.33567	   0.43228	   0.01818	   0.46747
   722	   0.37085	   0.43322	   0.10489	   0.47135
   723	   0.47786	   0.43936	   0.15019	   1.37512
   724	   0.35919	   0.43376	   0.01268	   0.48830
   725	   0.34518	   0.43265	   0.01506	   0.46950
   726	   0.34457	   0.43322	   0.02627	   0.47135
   727	   0.37421	   0.43376	   0.03079	   0.48691
   728	   0.48074	   0.44648	   0.04587	   0.92701
   729	   0.35529	   0.43322	   0.02083	   0.47135
   730	   0.38538	   0.43689	   0.01545	   0.74996
   731	   0.35123	   0.43322	   0.03079	   0.47135
   732	   0.45040	   0.43936	   0.08354	   0.87281
   733	   0.46918	   0.43841	   0.03079	   1.75868
   734	   0.41127	   0.43904	   0.07103	   0.52906
   735	   0.50420	   0.44314	   0.32301	   0.90186
   736	   0.68064	   0.44986	   0.40805	   2.54818
   737	   0.37035	   0.43501	   0.01810	   0.53538
   738	   0.49033	   0.43890	   0.03079	   2.23939
   739	   0.53271	   0.44314	   0.04261	   1.57100
   740	   0.42459	   0.43689	   0.00834	   0.87953
   741	   0.52988	   0.44141	   0.06137	   1.59981
   742	   0.59535	   0.44648	   0.15176	   2.21448
   743	   0.35667	   0.43322	   0.02735	   0.47135
   744	   0.37985	   0.43376	   0.02121	   0.48830
   745	   0.36827	   0.43265	   0.07872	   0.46950
   746	   0.41127	   0.43689	   0.08379	   0.67087
   747	   0.35525	   0.43265	   0.03079	   0.46747
   748	   0.33072	   0.43265	   0.00427	   0.46950
   749	   0.35325	   0.43322	   0.03079	   0.47135
   750	   0.53876	   0.44864	   0.10122	   1.46541
   751	   0.51322	   0.44240	   0.01617	   1.52417
   752	   0.40930	   0.43689	   0.08729	   0.52416
   753	   0.34467	   0.43376	   0.01795	   0.47339
   754	   0.34037	   0.43413	   0.00120	   0.48830
   755	   0.44313	   0.44151	   0.19742	   0.67566
   756	   0.42303	   0.44151	   0.03416	   0.69659
   757	   0.86463	   0.44986	   0.12114	   3.60473
   758	   0.34450	   0.43265	   0.01316	   0.46950
   759	   0.41201	   0.43689	   0.12032	   0.70454
   760	   0.37592	   0.43265	   0.05029	   0.46950
   761	   0.41606	   0.43841	   0.01397	   0.83289
   762	   0.40750	   0.43689	   0.12385	   0.53387
   763	   0.45614	   0.43936	   0.04190	   0.92796
   764	   0.46361	   0.43890	   0.04042	   1.51510
   765	   0.42039	   0.43689	   0.06288	   0.72880
   766	   0.41648	   0.43890	   0.13761	   0.48830
   767	   0.37968	   0.43376	   0.07505	   0.48830
   768	   0.36786	   0.43228	   0.02959	   0.46747
   769	   0.34813	   0.43228	   0.03556	   0.46747
   770	   0.33236	   0.43228	   0.01191	   0.46747
   771	   0.33216	   0.43228	   0.01074	   0.46747
   772	   0.33384	   0.43228	   0.00886	   0.46747
   773	   0.58066	   0.44648	   0.24216	   2.13249
   774	   0.49234	   0.44170	   0.07431	   0.95102
   775	   0.35396	   0.43228	   0.02357	   0.46747
   776	   0.55455	   0.43904	   0.04451	   2.77428
   777	   0.40020	   0.43689	   0.03079	   0.88067
   778	   0.48610	   0.44151	   0.12862	   1.10400
   779	   0.33669	   0.43228	   0.02994	   0.46747
   780	   0.49971	   0.44314	   0.05386	   1.10735
   781	   0.35620	   0.43322	   0.02994	   0.47135
   782	   0.33710	   0.43228	   0.03079	   0.46747
   783	   0.42437	   0.43880	   0.13002	   0.70120
   784	   0.36996	   0.43265	   0.04407	   0.46950
   785	   0.34335	   0.43228	   0.02291	   0.46747
   786	   0.36097	   0.43322	   0.07293	   0.47135
   787	   0.43553	   0.43923	   0.11081	   0.70683
   788	   0.40392	   0.43689	   0.05065	   0.70479
   789	   0.39182	   0.43501	   0.01469	   0.79814
   790	   0.44096	   0.43936	   0.11092	   0.84413
   791	   0.43004	   0.43841	   0.04510	   1.11473
   792	   0.35895	   0.43413	   0.00248	   0.50852
   793	   0.50597	   0.44141	   0.02749	   1.26561
   794	   0.34999	   0.43265	   0.01039	   0.46950
   795	   0.32579	   0.43265	   0.00477	   0.46950
   796	   0.33548	   0.43265	   0.02913	   0.46950
   797	   0.33974	   0.43265	   0.01473	   0.46950
   798	   0.58184	   0.44648	   0.19834	   1.69317
   799	   0.33537	   0.43265	   0.00651	   0.46950
   800	   0.33816	   0.43265	   0.03079	   0.46950
   801	   0.32692	   0.43265	   0.00639	   0.46950
   802	   0.47077	   0.44648	   0.11798	   1.10193
   803	   0.37089	   0.43376	   0.02820	   0.48830
   804	   0.37410	   0.43413	   0.02432	   0.46950
   805	   0.42583	   0.43689	   0.01627	   1.11250
   806	   0.36302	   0.43265	   0.01971	   0.46747
   807	   0.39323	   0.43413	   0.09636	   0.51880
   808	   0.39467	   0.43819	   0.03439	   0.53697
   809	   0.37520	   0.43413	   0.03150	   0.48830
   810	   0.35259	   0.43228	   0.03079	   0.46747
   811	   0.39276	   0.43376	   0.06253	   0.48830
   812	   0.38337	   0.43228	   0.03297	   0.46747
   813	   0.42515	   0.43890	   0.04291	   0.79281
   814	   0.50444	   0.43981	   0.07497	   1.57141
   815	   0.63284	   0.44141	   0.06662	   2.07464
   816	   0.74658	   0.44804	   0.04514	   3.49722
   817	   0.47146	   0.43689	   0.01179	   0.84091
   818	   0.52790	   0.44314	   0.16579	   1.37743
   819	   0.43919	   0.44170	   0.03079	   0.97089
   820	   0.51415	   0.43936	   0.03024	   1.57049
   821	   0.39019	   0.43689	   0.00664	   0.73293
   822	   0.52866	   0.43936	   0.07031	   1.25692
   823	   0.36638	   0.43265	   0.02305	   0.46950
   824	   0.33789	   0.43322	   0.00837	   0.46950
   825	   0.37742	   0.43413	   0.03696	   0.46950
   826	   0.34347	   0.43322	   0.01052	   0.46950
   827	   0.41894	   0.43880	   0.03998	   0.90483
   828	   0.48367	   0.43923	   0.03942	   1.65646
   829	   0.52130	   0.44648	   0.21128	   1.07155
   830	   0.40147	   0.43689	   0.01851	   0.65206
   831	   0.32705	   0.43228	   0.00740	   0.46747
   832	   0.44984	   0.43890	   0.05692	   1.19123
   833	   0.38467	   0.43689	   0.02473	   0.55783
   834	   0.43510	   0.43923	   0.09830	   0.70657
   835	   0.34016	   0.43265	   0.01495	   0.46950
   836	   0.37707	   0.43689	   0.02266	   0.73220
   837	   0.47213	   0.44648	   0.06555	   0.80831
   838	   0.38310	   0.43413	   0.06928	   0.50852
   839	   0.39799	   0.43689	   0.03079	   0.88383
   840	   0.53839	   0.44170	   0.06301	   1.22667
   841	   0.42656	   0.43819	   0.03079	   0.99711
   842	   0.40923	   0.43689	   0.06141	   0.80201
   843	   0.39631	   0.43689	   0.03555	   0.64488
   844	   0.48051	   0.44170	   0.02010	   1.09309
   845	   0.38221	   0.43413	   0.03867	   0.64488
   846	   0.49003	   0.44141	   0.01897	   1.16755
   847	   0.50506	   0.43936	   0.03079	   1.05649
   848	   0.34508	   0.43413	   0.00002	   0.50161
   849	   0.58590	   0.44944	   0.07262	   1.30545
   850	   0.38755	   0.43322	   0.06331	   0.47135
   851	   0.44217	   0.43923	   0.03079	   0.88383
   852	   0.46802	   0.43923	   0.03079	   0.94544
   853	   0.36641	   0.43501	   0.01003	   0.58791
   854	   0.41556	   0.43841	   0.03846	   0.64558
   855	   0.53802	   0.43923	   0.01817	   1.74125
   856	   0.44821	   0.43841	   0.14986	   0.87025
   857	   0.44324	   0.43890	   0.04518	   0.88383
   858	   0.34436	   0.43228	   0.02508	   0.46747
   859	   0.33912	   0.43228	   0.03812	   0.46747
   860	   0.35805	   0.43228	   0.02307	   0.46747
   861	   0.35754	   0.43413	   0.00628	   0.47135
   862	   0.35807	   0.43228	   0.05363	   0.46747
   863	   0.35957	   0.43228	   0.05144	   0.46747
   864	   0.41161	   0.43689	   0.06511	   0.89115
   865	   0.34995	   0.43265	   0.02504	   0.46950
   866	   0.35226	   0.43228	   0.03079	   0.46747
   867	   0.39522	   0.43501	   0.08820	   0.63880
   868	   0.67379	   0.44809	   0.22384	   2.36578
   869	   1.46639	   0.44986	   0.41333	   7.74854
   870	   0.38953	   0.43689	   0.00509	   1.17712
   871	   0.35632	   0.43265	   0.05512	   0.46950
   872	   0.37678	   0.43413	   0.03689	   0.52375
   873	   0.44362	   0.43880	   0.03079	   0.84996
   874	   0.53594	   0.43936	   0.02856	   1.67130
   875	   0.48761	   0.43923	   0.04001	   1.27711
   876	   0.45411	   0.43936	   0.03055	   0.98078
   877	   0.33783	   0.43228	   0.02446	   0.46747
   878	   0.37454	   0.43376	   0.02605	   0.48830
   879	   0.35062	   0.43228	   0.02033	   0.46747
   880	   0.61269	   0.44648	   0.08510	   1.81314
   881	   0.40769	   0.43880	   0.06753	   0.52491
   882	   0.54875	   0.43841	   0.03482	   2.15536
   883	   0.37056	   0.43265	   0.03429	   0.46950
   884	   0.67036	   0.44809	   0.05242	   2.71089
   885	   0.37939	   0.43413	   0.05663	   0.46950
   886	   0.62816	   0.44648	   0.06117	   2.03120
   887	   0.89545	   0.44986	   0.27111	   2.73968
   888	   0.39303	   0.43819	   0.02036	   0.55788
   889	   0.38905	   0.43689	   0.02412	   0.56654
   890	   0.55442	   0.44141	   0.03859	   1.82601
   891	   0.45934	   0.44141	   0.09497	   0.97326
   892	   0.36891	   0.43413	   0.03079	   0.48830
   893	   0.62275	   0.44980	   0.17298	   2.17479
   894	   0.60410	   0.44864	   0.08203	   1.55390
   895	   0.36453	   0.43376	   0.00348	   0.48830
   896	   0.49408	   0.44141	   0.07516	   1.58469
   897	   0.70282	   0.44314	   0.02210	   2.67900
   898	   0.39963	   0.43501	   0.09628	   0.53776
   899	   0.57240	   0.43904	   0.16681	   2.47678
   900	   0.34968	   0.43322	   0.00801	   0.47135
   901	   0.43189	   0.43841	   0.03079	   0.81420
   902	   0.41245	   0.43689	   0.07466	   0.78026
   903	   0.53986	   0.43904	   0.31906	   2.09953
   904	   0.67881	   0.44314	   0.08359	   2.31243
   905	   0.38069	   0.43413	   0.00182	   0.88002
   906	   0.33966	   0.43322	   0.01786	   0.46950
   907	   0.48834	   0.44314	   0.03079	   1.40121
   908	   0.44547	   0.43819	   0.07276	   1.13030
   909	   0.37572	   0.43452	   0.04057	   0.48689
   910	   0.35495	   0.43376	   0.02672	   0.48830
   911	   0.34748	   0.43265	   0.00512	   0.46950
   912	   0.44033	   0.43890	   0.08789	   0.78927
   913	   0.40154	   0.43841	   0.11370	   0.52833
   914	   0.33113	   0.43265	   0.00449	   0.46950
   915	   0.40988	   0.43689	   0.05420	   1.00740
   916	   0.61521	   0.44648	   0.03969	   2.17475
   917	   0.54013	   0.44314	   0.07977	   1.50801
   918	   0.43479	   0.43841	   0.06154	   0.82697
   919	   0.34071	   0.43265	   0.01460	   0.46950
   920	   0.42401	   0.43890	   0.07841	   0.85734
   921	   0.50718	   0.43890	   0.04799	   1.59395
   922	   1.10061	   0.44980	   0.20979	   4.10089
   923	   0.47438	   0.43841	   0.06902	   1.01738
   924	   0.45950	   0.43923	   0.03184	   1.08578
   925	   0.35682	   0.43376	   0.01526	   0.48830
   926	   0.41616	   0.43689	   0.03079	   0.98273
   927	   0.35558	   0.43322	   0.01097	   0.47135
   928	   0.38595	   0.43322	   0.03079	   0.47135
   929	   0.52731	   0.44151	   0.16703	   1.73808
   930	   0.36121	   0.43376	   0.00438	   0.47135
   931	   0.35972	   0.43228	   0.03622	   0.46747
   932	   0.34781	   0.43228	   0.06209	   0.46747
   933	   0.34599	   0.43265	   0.03068	   0.46950
   934	   0.41494	   0.43880	   0.03589	   0.93785
   935	   0.42485	   0.43880	   0.07670	   0.83041
   936	   0.41306	   0.43819	   0.05475	   0.93319
   937	   0.42970	   0.43819	   0.03079	   0.95149
   938	   0.64459	   0.44648	   0.05596	   2.41872
   939	   0.45606	   0.43936	   0.05842	   1.04306
   940	   0.41083	   0.43880	   0.07388	   0.73535
   941	   0.37579	   0.43501	   0.04962	   0.48830
   942	   0.36253	   0.43322	   0.05866	   0.46950
   943	   0.34548	   0.43322	   0.03032	   0.46950
   944	   0.37090	   0.43322	   0.05157	   0.46950
   945	   0.32915	   0.43265	   0.01104	   0.46747
   946	   0.40167	   0.43936	   0.05683	   0.53255
   947	   0.33427	   0.43265	   0.00350	   0.46747
   948	   0.41794	   0.43689	   0.02749	   1.01832
   949	   0.43387	   0.43936	   0.15892	   0.84137
   950	   0.42029	   0.43689	   0.03400	   1.08335
   951	   0.41854	   0.43689	   0.07294	   0.64945
   952	   0.35047	   0.43228	   0.03687	   0.46747
   953	   0.51118	   0.43880	   0.02701	   1.96281
   954	   0.33650	   0.43228	   0.03269	   0.46747
   955	   0.32963	   0.43228	   0.01944	   0.46747
   956	   0.35525	   0.43228	   0.05120	   0.46747
   957	   0.41512	   0.43689	   0.07454	   0.70429
   958	   0.42579	   0.43819	   0.09585	   0.73077
   959	   0.33583	   0.43228	   0.02290	   0.46747
   960	   0.44218	   0.43936	   0.05141	   0.79950
   961	   0.33483	   0.43265	   0.01301	   0.46950
   962	   0.53972	   0.43936	   0.07760	   1.90083
   963	   0.47978	   0.43890	   0.13295	   1.41984
   964	   0.55608	   0.44151	   0.06813	   1.66935
   965	   0.60449	   0.44141	   0.01809	   2.91953
   966	   0.40149	   0.43689	   0.05299	   0.48830
   967	   0.57538	   0.44170	   0.08477	   2.38743
   968	   0.46539	   0.43904	   0.02366	   1.23317
   969	   0.51178	   0.44944	   0.16571	   1.03559
   970	   0.36969	   0.43322	   0.03079	   0.46950
   971	   0.34048	   0.43322	   0.01587	   0.46950
   972	   0.48821	   0.43904	   0.04915	   1.18387
   973	   0.54241	   0.44809	   0.04855	   1.30828
   974	   0.37672	   0.43689	   0.01975	   0.74889
   975	   0.52871	   0.44151	   0.06876	   1.58917
   976	   0.48878	   0.43890	   0.07163	   1.40151
   977	   0.43146	   0.43689	   0.03515	   1.29721
   978	   0.39369	   0.43376	   0.03079	   0.48830
   979	   0.93898	   0.44809	   0.05878	   5.05504
   980	   0.60273	   0.44170	   0.12237	   1.29721
   981	   0.40686	   0.43689	   0.06972	   0.76281
   982	   0.46307	   0.44314	   0.05758	   0.98994
   983	   0.48906	   0.44809	   0.07589	   0.92715
   984	   0.35474	   0.43265	   0.06158	   0.46950
   985	   0.33631	   0.43228	   0.02582	   0.46747
   986	   0.46018	   0.43904	   0.07236	   1.15681
   987	   0.58550	   0.44809	   0.05512	   2.08343
   988	   0.34102	   0.43322	   0.00432	   0.47135
   989	   0.33561	   0.43322	   0.01177	   0.47135
   990	   0.47324	   0.43904	   0.04410	   1.42030
   991	   0.39069	   0.43501	   0.00707	   0.61020
   992	   0.49021	   0.44141	   0.03079	   1.12219
   993	   0.52340	   0.44809	   0.14196	   0.97618
   994	   0.39844	   0.43689	   0.01764	   0.80829
   995	   0.44280	   0.43819	   0.00715	   1.47961
   996	   0.35893	   0.43376	   0.02106	   0.48830
   997	   0.34794	   0.43376	   0.00473	   0.48830
   998	   0.52745	   0.44980	   0.27085	   0.95764
   999	   0.36959	   0.43413	   0.03732	   0.49200
  1000	   0.50284	   0.44151	   0.15008	   1.61379
  1001	   0.37316	   0.43689	   0.00838	   0.69366
  1002	   0.51317	   0.43936	   0.12273	   1.75488
  1003	   0.34787	   0.43228	   0.03099	   0.46747
  1004	   0.38363	   0.43322	   0.08423	   0.46747
  1005	   0.32864	   0.43228	   0.00296	   0.46747
  1006	   0.35314	   0.43265	   0.03079	   0.46950
  1007	   0.35358	   0.43265	   0.03079	   0.46950
  1008	   0.33797	   0.43265	   0.00802	   0.46950
  1009	   0.46027	   0.43890	   0.01027	   1.22179
  1010	   0.47266	   0.43880	   0.11864	   1.21374
  1011	   0.40388	   0.43689	   0.03609	   0.59300
  1012	   0.49745	   0.43936	   0.06675	   1.32576
  1013	   0.43369	   0.43819	   0.12709	   0.59300
  1014	   0.34330	   0.43265	   0.01159	   0.46950
  1015	   0.41883	   0.43880	   0.02100	   1.01321
  1016	   0.37100	   0.43265	   0.03079	   0.46950
  1017	   0.33818	   0.43265	   0.01055	   0.46950
  1018	   0.37180	   0.43501	   0.01470	   0.54122
  1019	   0.41799	   0.43923	   0.03079	   0.62911
  1020	   0.33028	   0.43322	   0.01456	   0.47135
  1021	   0.38341	   0.43413	   0.03098	   0.48384
  1022	   0.51896	   0.44314	   0.14816	   1.31320
  1023	   0.47305	   0.43376	   0.03152	   0.48830
  1024	   0.65164	   0.44141	   0.13070	   2.66230
  1025	   0.67355	   0.44648	   0.03693	   2.32359
  1026	   0.41110	   0.43819	   0.10533	   0.76785
  1027	   0.57679	   0.44804	   0.05302	   1.24196
  1028	   1.38655	   0.44809	   0.02773	   7.26667
  1029	   0.62293	   0.44141	   0.03079	   1.96079
  1030	   0.38788	   0.43322	   0.04804	   0.47135
  1031	   0.33921	   0.43265	   0.01306	   0.46950
  1032	   0.81882	   0.44864	   0.41775	   5.15804
  1033	   0.46084	   0.43923	   0.10412	   1.01889
  1034	   0.53048	   0.44648	   0.07631	   1.34296
  1035	   0.53299	   0.44170	   0.03079	   1.58883
  1036	   0.46965	   0.43689	   0.06205	   1.02210
  1037	   0.34915	   0.43376	   0.00618	   0.48830
  1038	   0.46453	   0.44151	   0.06461	   0.98156
  1039	   0.46914	   0.43936	   0.01456	   1.08929
  1040	   0.32773	   0.43228	   0.00499	   0.46747
  1041	   0.39283	   0.43413	   0.02441	   0.55919
  1042	   0.37858	   0.43228	   0.07026	   0.46747
  1043	   0.33482	   0.43228	   0.01663	   0.46747
  1044	   0.33942	   0.43265	   0.01460	   0.46950
  1045	   0.34903	   0.43322	   0.03079	   0.47135
  1046	   0.38298	   0.43501	   0.01208	   0.63477
  1047	   0.38017	   0.43376	   0.05558	   0.47135
  1048	   0.34345	   0.43322	   0.01740	   0.46950
  1049	   0.53130	   0.43936	   0.03347	   1.55928
  1050	   0.56467	   0.44240	   0.23496	   1.62670
  1051	   0.38698	   0.43413	   0.01179	   0.49152
  1052	   0.35430	   0.43376	   0.00715	   0.48830
  1053	   0.38118	   0.43413	   0.03733	   0.60440
  1054	   0.63590	   0.44809	   0.10147	   1.70318
  1055	   0.37808	   0.43413	   0.02657	   0.53832
  1056	   0.48913	   0.44240	   0.10003	   1.01084
  1057	   0.46529	   0.43880	   0.06767	   1.50589
  1058	   0.44289	   0.44141	   0.07683	   0.77745
  1059	   0.43142	   0.44151	   0.03079	   0.59683
  1060	   0.37839	   0.43819	   0.02597	   0.47135
  1061	   0.47940	   0.43923	   0.01981	   1.62594
  1062	   0.74767	   0.44648	   0.25513	   5.00385
  1063	   0.38057	   0.43501	   0.06391	   0.59318
  1064	   0.34218	   0.43322	   0.01015	   0.47135
  1065	   0.34620	   0.43265	   0.03079	   0.46950
  1066	   0.46632	   0.43904	   0.09029	   1.07493
  1067	   0.32890	   0.43265	   0.00264	   0.46950
  1068	   0.34202	   0.43265	   0.00971	   0.46950
  1069	   0.77636	   0.44240	   0.11605	   3.57610
  1070	   0.32537	   0.43265	   0.00257	   0.46950
  1071	   0.40787	   0.43819	   0.08286	   0.60389
  1072	   0.59272	   0.44804	   0.23270	   1.66325
  1073	   0.36102	   0.43413	   0.01644	   0.58433
  1074	   0.40551	   0.43413	   0.02842	   0.48830
  1075	   0.54274	   0.44314	   0.12604	   1.36125
  1076	   0.59076	   0.44314	   0.05104	   2.03286
  1077	   0.40798	   0.43689	   0.02311	   0.75925
  1078	   0.39241	   0.43819	   0.04309	   0.63477
  1079	   0.32260	   0.43265	   0.00164	   0.46950
  1080	   0.46843	   0.44141	   0.04197	   0.91569
  1081	   0.43225	   0.43890	   0.23150	   0.58770
  1082	   0.39057	   0.43689	   0.02772	   0.72176
  1083	   0.38350	   0.43501	   0.04704	   0.50451
  1084	   0.48226	   0.43923	   0.12654	   1.07109
  1085	   0.39294	   0.43376	   0.04200	   0.48830
  1086	   0.33105	   0.43228	   0.00462	   0.46747
  1087	   0.48628	   0.43880	   0.03260	   1.47616
  1088	   0.43391	   0.43936	   0.08858	   0.68425
  1089	   0.43582	   0.43936	   0.19007	   0.56789
  1090	   0.39635	   0.43376	   0.07062	   0.47135
  1091	   0.35238	   0.43228	   0.05422	   0.46747
  1092	   0.55617	   0.44809	   0.14316	   1.22672
  1093	   0.32148	   0.43228	   0.00447	   0.46747
  1094	   0.32732	   0.43228	   0.00670	   0.46747
  1095	   0.38688	   0.43689	   0.04463	   0.57910
  1096	   0.34304	   0.43228	   0.05682	   0.46747
  1097	   0.47851	   0.43923	   0.10524	   1.20625
  1098	   0.36228	   0.43376	   0.01792	   0.48830
  1099	   0.36347	   0.43265	   0.06518	   0.46950
  1100	   0.34910	   0.43228	   0.03079	   0.46747
  1101	   0.52330	   0.44314	   0.04837	   1.70793
  1102	   0.35192	   0.43265	   0.04391	   0.46950
  1103	   0.40528	   0.43819	   0.01071	   0.90872
  1104	   0.35205	   0.43228	   0.05378	   0.46747
  1105	   0.40110	   0.43376	   0.10130	   0.48830
  1106	   0.33811	   0.43265	   0.00744	   0.46950
  1107	   0.56148	   0.44240	   0.07576	   1.53490
  1108	   0.33193	   0.43265	   0.01227	   0.46950
  1109	   0.41615	   0.43376	   0.05336	   0.48830
  1110	   0.47262	   0.44141	   0.04146	   1.05268
  1111	   0.40693	   0.43689	   0.05596	   0.89085
  1112	   0.62320	   0.44944	   0.08412	   1.94903
  1113	   0.38626	   0.43413	   0.04447	   0.79135
  1114	   0.34088	   0.43376	   0.00366	   0.47135
  1115	   0.34791	   0.43413	   0.01138	   0.48291
  1116	   1.04264	   0.44864	   0.31709	   6.00003
  1117	   0.39407	   0.43689	   0.08385	   0.48830
  1118	   0.56444	   0.44240	   0.07653	   2.45378
  1119	   0.52285	   0.43904	   0.06524	   2.10057
  1120	   0.46980	   0.43923	   0.02445	   1.32265
  1121	   0.36418	   0.43376	   0.04082	   0.47135
  1122	   0.38124	   0.43689	   0.02474	   0.60371
  1123	   0.36235	   0.43376	   0.04221	   0.47135
  1124	   0.32045	   0.43265	   0.00030	   0.46950
  1125	   0.35856	   0.43322	   0.02012	   0.47135
  1126	   1.01853	   0.44864	   0.08091	   5.16471
  1127	   0.34893	   0.43376	   0.02317	   0.48830
  1128	   0.51285	   0.44170	   0.21121	   1.14773
  1129	   0.50902	   0.44170	   0.08026	   1.50662
  1130	   0.85610	   0.44170	   0.06416	   4.27700
  1131	   0.49719	   0.44314	   0.03231	   1.05350
  1132	   0.41491	   0.43689	   0.10001	   0.85319
  1133	   0.49218	   0.44141	   0.02414	   1.50105
  1134	   0.37019	   0.43265	   0.06063	   0.46950
  1135	   0.58033	   0.44170	   0.03079	   1.95475
  1136	   0.56564	   0.44170	   0.05615	   2.14951
  1137	   1.05965	   0.44864	   0.14552	   4.19359
  1138	   0.50098	   0.43890	   0.13072	   1.04741
  1139	   0.48348	   0.44804	   0.10747	   0.94349
  1140	   0.53893	   0.44141	   0.10146	   1.67182
  1141	   0.54786	   0.44141	   0.07183	   1.68309
  1142	   0.33793	   0.43265	   0.02312	   0.46950
  1143	   0.36116	   0.43265	   0.04444	   0.46950
  1144	   0.48697	   0.44804	   0.06594	   0.85111
  1145	   0.43574	   0.43923	   0.09487	   0.67614
  1146	   0.33179	   0.43265	   0.00534	   0.46950
  1147	   0.34029	   0.43265	   0.02135	   0.46950
  1148	   0.33704	   0.43265	   0.01199	   0.46950
  1149	   0.38092	   0.43376	   0.01902	   0.48830
  1150	   0.46675	   0.44240	   0.06089	   1.09310
  1151	   0.40242	   0.43501	   0.12801	   0.55962
  1152	   0.40619	   0.43689	   0.07399	   0.86245
  1153	   0.43171	   0.43689	   0.08939	   0.81368
  1154	   0.36707	   0.43501	   0.06104	   0.50681
  1155	   0.37528	   0.43689	   0.01772	   0.57774
  1156	   0.45562	   0.44804	   0.04668	   0.86978
  1157	   0.36183	   0.43689	   0.01341	   0.62247
  1158	   0.43539	   0.43923	   0.08898	   0.63867
  1159	   0.72201	   0.44809	   0.16118	   2.40021
  1160	   0.43764	   0.43904	   0.05816	   0.78699
  1161	   0.57291	   0.44809	   0.06330	   1.80857
  1162	   0.37085	   0.43413	   0.03079	   0.51028
  1163	   0.35433	   0.43413	   0.01261	   0.51028
  1164	   0.36482	   0.43376	   0.04545	   0.48830
  1165	   0.44012	   0.43904	   0.03079	   0.90133
  1166	   0.34622	   0.43413	   0.00206	   0.51028
  1167	   0.45448	   0.44151	   0.04062	   0.84694
  1168	   0.38193	   0.43689	   0.00892	   0.49528
  1169	   0.51819	   0.43936	   0.13361	   1.76882
  1170	   0.41852	   0.43880	   0.06212	   0.75355
  1171	   0.42502	   0.43880	   0.07992	   0.59994
  1172	   0.50893	   0.44648	   0.11474	   1.11718
  1173	   0.38178	   0.43689	   0.01628	   0.59072
  1174	   0.40451	   0.43819	   0.03700	   0.73722
  1175	   0.34717	   0.43322	   0.02015	   0.47135
  1176	   0.33543	   0.43265	   0.01953	   0.46950
  1177	   0.37302	   0.43322	   0.01101	   0.47135
  1178	   0.74312	   0.43936	   0.14904	   4.05734
  1179	   0.41113	   0.43689	   0.01381	   0.69713
  1180	   0.69048	   0.44864	   0.09652	   2.86550
  1181	   0.43150	   0.43841	   0.05552	   1.10255
  1182	   0.35797	   0.43228	   0.05499	   0.46747
  1183	   0.43624	   0.43880	   0.07465	   1.14867
  1184	   0.42387	   0.43841	   0.03229	   0.96766
  1185	   0.46748	   0.43890	   0.02635	   1.57623
  1186	   0.42847	   0.43936	   0.07707	   0.73496
  1187	   0.67166	   0.44980	   0.14719	   1.99448
  1188	   0.41720	   0.43841	   0.03079	   0.73496
  1189	   0.46250	   0.43890	   0.03079	   1.19683
  1190	   0.52447	   0.44314	   0.21312	   1.13072
  1191	   0.47463	   0.43936	   0.16850	   1.20973
  1192	   0.72909	   0.45023	   0.41333	   2.72356
  1193	   0.67345	   0.44314	   0.07286	   2.78731
  1194	   0.40391	   0.43689	   0.04613	   0.84886
  1195	   0.52665	   0.44240	   0.04342	   1.53680
  1196	   0.41008	   0.43880	   0.03079	   0.77465
  1197	   0.51089	   0.43890	   0.02872	   2.05084
  1198	   0.54712	   0.44809	   0.06669	   1.85686
  1199	   0.39157	   0.43689	   0.02515	   0.64559
  1200	   0.61904	   0.44809	   0.13449	   1.79449
  1201	   0.55962	   0.44980	   0.17405	   1.23378
  1202	   0.48139	   0.43936	   0.03079	   1.08543
  1203	   0.55418	   0.44141	   0.04776	   2.17586
  1204	   0.55890	   0.44804	   0.10157	   1.66037
  1205	   0.44497	   0.43841	   0.03218	   1.07175
  1206	   0.35555	   0.43265	   0.02597	   0.47135
  1207	   0.35516	   0.43265	   0.01397	   0.47135
  1208	   0.41302	   0.43904	   0.04487	   0.81907
  1209	   0.35025	   0.43413	   0.02332	   0.47583
  1210	   0.59396	   0.43904	   0.02101	   4.16934
  1211	   0.54775	   0.44804	   0.03933	   1.40249
  1212	   0.38386	   0.43413	   0.04505	   0.54096
  1213	   0.32667	   0.43227	   0.00958	   0.46747
  1214	   0.59831	   0.44141	   0.03305	   1.83378
  1215	   0.32562	   0.43227	   0.01298	   0.46747
  1216	   0.39968	   0.43413	   0.13754	   0.48645
  1217	   0.44412	   0.43841	   0.02491	   1.22001
  1218	   0.46526	   0.43936	   0.08152	   0.88548
  1219	   0.35740	   0.43228	   0.01531	   0.46950
  1220	   0.47532	   0.43923	   0.07477	   0.85350
  1221	   0.47408	   0.43923	   0.05012	   1.21264
  1222	   0.39311	   0.43501	   0.05682	   0.46950
  1223	   0.44873	   0.43936	   0.16006	   0.68349
  1224	   0.39632	   0.43689	   0.01954	   0.55224
  1225	   0.39750	   0.43661	   0.03745	   0.77525
  1226	   0.39022	   0.43689	   0.04125	   0.68873
  1227	   0.45510	   0.43936	   0.14588	   1.11255
  1228	   0.35255	   0.43413	   0.00167	   0.47135
  1229	   0.40127	   0.43689	   0.10238	   0.66631
  1230	   0.42400	   0.43880	   0.02606	   1.26579
  1231	   0.44900	   0.44240	   0.22064	   0.61073
  1232	   0.48484	   0.44151	   0.03079	   1.20988
  1233	   0.35009	   0.43227	   0.03159	   0.46747
  1234	   0.35166	   0.43227	   0.06362	   0.46747
  1235	   0.45730	   0.43880	   0.06249	   0.89445
  1236	   0.41234	   0.43841	   0.12912	   0.64145
  1237	   0.52284	   0.44648	   0.20180	   1.55769
  1238	   0.34057	   0.43228	   0.00381	   0.46747
  1239	   0.45026	   0.43880	   0.08836	   1.08789
  1240	   0.36908	   0.43689	   0.01811	   0.64484
  1241	   0.50011	   0.44648	   0.22216	   1.03188
  1242	   0.35590	   0.43413	   0.00714	   0.47135
  1243	   0.33668	   0.43413	   0.00004	   0.47135
  1244	   0.48806	   0.44804	   0.17730	   0.81528
  1245	   0.52736	   0.43936	   0.06570	   2.44793
  1246	   0.40418	   0.43880	   0.06353	   0.54282
  1247	   0.35300	   0.43265	   0.01268	   0.46950
  1248	   0.35403	   0.43413	   0.02026	   0.48830
  1249	   0.37390	   0.43413	   0.06441	   0.48830
  1250	   0.43770	   0.43880	   0.05287	   1.16476
  1251	   0.36469	   0.43376	   0.03079	   0.47135
  1252	   0.39161	   0.43689	   0.05026	   0.48830
  1253	   0.65991	   0.44314	   0.03161	   2.52155
  1254	   0.37608	   0.43501	   0.03079	   0.47135
  1255	   0.33739	   0.43206	   0.03079	   0.46747
  1256	   0.33692	   0.43185	   0.02383	   0.47135
  1257	   0.34357	   0.43017	   0.01568	   0.64137
  1258	   0.33286	   0.42688	   0.01895	   0.48830
  1259	   0.63596	   0.43689	   0.04126	   2.72515
  1260	   0.32736	   0.42390	   0.03437	   0.46432
  1261	   0.44487	   0.43113	   0.03079	   1.34383
  1262	   0.50679	   0.43880	   0.14257	   1.51178
  1263	   0.29579	   0.41775	   0.01634	   0.46432
  1264	   0.60984	   0.43890	   0.21331	   2.38120
  1265	   0.38656	   0.42596	   0.04384	   0.84810
  1266	   0.41757	   0.42920	   0.08672	   0.99963
  1267	   0.33666	   0.30273	   0.14996	   0.45963
  1268	   0.40076	   0.27692	   0.09528	   1.27242
  1269	   0.31151	   0.27163	   0.03662	   0.56649
  1270	   0.36779	   0.27622	   0.02566	   0.94142
  1271	   0.27295	   0.26401	   0.00744	   0.45864
  1272	   0.32157	   0.26595	   0.05919	   0.66726
  1273	   0.58650	   0.27692	   0.14996	   2.39969
  1274	   0.23984	   0.25827	   0.00543	   0.45619
  1275	   0.28624	   0.26254	   0.04547	   0.51110
  1276	   0.31457	   0.26329	   0.03079	   0.79158
  1277	   0.39010	   0.26518	   0.04437	   1.97866
  1278	   0.23547	   0.25765	   0.02944	   0.44170
  1279	   0.21671	   0.25518	   0.02393	   0.29183
  1280	   0.30058	   0.26141	   0.08228	   0.93848
  1281	   0.22305	   0.25626	   0.01637	   0.37827
  1282	   0.27673	   0.26329	   0.06513	   0.57789
  1283	   0.25268	   0.26004	   0.07737	   0.39411
  1284	   0.21215	   0.25488	   0.03079	   0.27975
  1285	   0.24199	   0.25601	   0.04785	   0.29389
  1286	   0.21314	   0.25518	   0.03079	   0.28897
  1287	   0.29254	   0.26495	   0.08359	   0.67493
  1288	   0.21174	   0.25488	   0.03900	   0.27975
  1289	   0.23254	   0.25639	   0.01571	   0.54977
  1290	   0.20931	   0.25488	   0.03079	   0.27975
  1291	   0.21658	   0.25518	   0.01979	   0.28897
  1292	   0.19720	   0.25488	   0.00518	   0.27975
  1293	   0.32678	   0.26401	   0.04355	   1.28420
  1294	   0.21194	   0.25518	   0.01056	   0.28897
  1295	   0.20496	   0.25518	   0.00652	   0.28897
  1296	   0.34605	   0.26004	   0.03544	   1.10829
  1297	   0.21034	   0.25518	   0.02358	   0.28897
  1298	   0.32853	   0.26044	   0.04279	   1.29576
  1299	   0.25220	   0.25639	   0.03131	   0.81749
  1300	   0.34978	   0.26329	   0.05335	   1.15345
  1301	   0.24745	   0.25605	   0.03079	   0.81749
  1302	   0.28928	   0.25884	   0.02248	   0.88289
  1303	   0.35988	   0.26329	   0.05358	   1.04125
  1304	   0.50442	   0.26499	   0.02106	   2.38348
  1305	   0.56268	   0.26515	   0.06806	   2.06006
  1306	   0.44404	   0.26427	   0.07628	   1.78627
  1307	   0.41565	   0.26323	   0.04879	   1.60280
  1308	   0.59608	   0.26518	   0.06063	   2.48776
  1309	   0.34145	   0.26069	   0.02778	   1.55530
  1310	   0.41038	   0.26329	   0.09876	   2.04998
  1311	   0.34600	   0.26069	   0.07283	   0.59846
  1312	   0.32909	   0.26427	   0.03079	   0.89659
  1313	   0.21069	   0.25601	   0.00976	   0.29183
  1314	   0.27643	   0.26323	   0.05345	   0.44818
  1315	   0.24344	   0.25765	   0.05289	   0.51833
  1316	   0.35864	   0.26323	   0.04289	   1.26778
  1317	   0.20816	   0.25584	   0.01356	   0.29055
  1318	   0.35997	   0.26499	   0.23682	   0.92156
  1319	   0.22735	   0.25605	   0.02823	   0.35213
  1320	   0.22436	   0.25584	   0.04519	   0.29055
  1321	   0.20162	   0.25562	   0.01711	   0.28897
  1322	   0.34422	   0.26555	   0.17715	   1.08499
  1323	   0.22717	   0.25601	   0.02531	   0.29183
  1324	   0.24639	   0.25827	   0.02748	   0.54200
  1325	   0.27490	   0.26069	   0.05765	   0.61058
  1326	   0.20878	   0.25584	   0.01720	   0.28962
  1327	   0.31053	   0.26401	   0.09183	   0.65070
  1328	   0.28448	   0.26044	   0.03301	   0.53261
  1329	   0.21191	   0.25601	   0.01301	   0.29183
  1330	   0.35052	   0.26329	   0.09135	   1.44069
  1331	   0.34212	   0.26069	   0.04386	   2.02829
  1332	   0.24493	   0.25639	   0.04138	   0.60788
  1333	   0.20912	   0.25518	   0.02218	   0.27975
  1334	   0.19310	   0.25518	   0.00639	   0.27975
  1335	   0.52113	   0.26518	   0.03852	   2.22541
  1336	   0.19963	   0.25562	   0.00128	   0.28897
  1337	   0.29181	   0.26069	   0.05179	   0.80198
  1338	   0.23664	   0.25626	   0.04215	   0.29916
  1339	   0.27508	   0.25765	   0.04884	   0.69532
  1340	   0.30356	   0.26401	   0.03079	   0.72445
  1341	   0.22922	   0.25601	   0.03079	   0.29183
  1342	   0.30234	   0.26118	   0.03186	   1.07110
  1343	   0.23102	   0.25605	   0.02617	   0.29055
  1344	   0.42078	   0.26329	   0.01662	   1.75248
  1345	   0.25021	   0.25827	   0.07198	   0.36310
  1346	   0.30236	   0.26254	   0.02949	   0.89246
  1347	   0.20728	   0.25562	   0.03250	   0.27975
  1348	   0.23302	   0.25884	   0.02055	   0.29055
  1349	   0.28672	   0.25639	   0.03143	   0.94549
  1350	   0.19452	   0.25518	   0.00487	   0.27975
  1351	   0.26921	   0.26004	   0.09696	   0.55591
  1352	   0.37295	   0.26004	   0.02291	   1.49023
  1353	   0.30685	   0.26118	   0.13075	   0.93712
  1354	   0.23114	   0.25626	   0.03079	   0.30386
  1355	   0.22617	   0.25518	   0.04919	   0.27975
  1356	   0.22891	   0.25562	   0.06545	   0.27975
  1357	   0.27818	   0.26118	   0.08700	   0.71381
  1358	   0.59386	   0.26329	   0.04299	   3.18786
  1359	   0.19431	   0.25518	   0.00460	   0.27975
  1360	   0.35618	   0.26578	   0.23682	   0.78265
  1361	   0.27815	   0.25827	   0.04473	   0.78265
  1362	   0.46295	   0.26515	   0.15615	   1.49447
  1363	   0.20176	   0.25562	   0.01604	   0.28897
  1364	   0.29838	   0.26401	   0.08182	   0.62215
  1365	   0.36643	   0.26427	   0.07843	   1.09794
  1366	   0.27196	   0.26069	   0.03558	   0.59979
  1367	   0.28850	   0.26329	   0.02004	   0.69466
  1368	   0.26305	   0.26044	   0.07681	   0.44153
  1369	   0.28355	   0.26323	   0.05452	   0.65768
  1370	   0.39132	   0.26555	   0.12765	   1.29330
  1371	   0.23935	   0.25765	   0.05513	   0.40576
  1372	   0.20010	   0.25584	   0.00218	   0.29055
  1373	   0.33811	   0.26427	   0.09984	   0.98731
  1374	   0.43825	   0.26595	   0.23776	   1.68252
  1375	   0.46761	   0.26329	   0.06226	   2.96700
  1376	   0.30143	   0.26254	   0.03122	   0.75647
  1377	   0.26707	   0.25765	   0.03079	   0.90172
  1378	   0.26090	   0.25765	   0.02070	   0.90660
  1379	   0.23754	   0.25626	   0.03079	   0.34084
  1380	   0.44626	   0.26323	   0.04213	   2.18426
  1381	   0.32763	   0.26578	   0.23682	   0.98469
  1382	   0.37505	   0.26427	   0.05180	   1.27314
  1383	   0.22902	   0.25605	   0.00457	   0.42944
  1384	   0.26097	   0.25884	   0.03765	   0.56293
  1385	   0.19207	   0.25518	   0.00234	   0.27975
  1386	   0.20391	   0.25488	   0.02714	   0.27975
  1387	   0.23259	   0.25601	   0.05713	   0.29377
  1388	   0.35825	   0.26329	   0.19267	   1.38781
  1389	   0.22926	   0.25827	   0.01332	   0.37945
  1390	   0.26193	   0.26004	   0.04844	   0.45402
  1391	   0.32626	   0.26401	   0.08378	   0.96776
  1392	   0.28311	   0.26004	   0.03585	   0.81278
  1393	   0.20997	   0.25584	   0.02411	   0.28897
  1394	   0.21697	   0.25584	   0.00767	   0.29183
  1395	   0.26597	   0.26069	   0.06617	   0.49950
  1396	   0.25907	   0.25639	   0.00448	   0.52648
  1397	   0.19449	   0.25488	   0.00238	   0.27975
  1398	   0.28018	   0.26254	   0.11304	   0.52794
  1399	   0.21417	   0.25488	   0.05973	   0.27975
  1400	   0.19931	   0.25562	   0.00192	   0.29055
  1401	   0.29261	   0.26004	   0.00452	   1.08774
  1402	   0.36579	   0.26499	   0.13237	   1.02668
  1403	   0.32026	   0.26401	   0.04054	   0.75788
  1404	   0.32715	   0.26323	   0.03660	   0.84302
  1405	   0.29660	   0.26254	   0.08823	   0.71328
  1406	   0.24593	   0.25827	   0.02874	   0.35951
  1407	   0.21379	   0.25518	   0.03377	   0.28897
  1408	   0.33370	   0.26069	   0.02209	   1.14935
  1409	   0.19532	   0.25488	   0.00877	   0.27975
  1410	   0.25282	   0.26044	   0.03060	   0.44026
  1411	   0.22284	   0.25584	   0.00765	   0.29183
  1412	   0.21404	   0.25518	   0.03255	   0.28897
  1413	   0.24068	   0.25765	   0.03098	   0.43590
  1414	   0.19041	   0.25488	   0.00265	   0.27975
  1415	   0.19538	   0.25518	   0.00519	   0.28897
  1416	   0.21453	   0.25518	   0.02321	   0.28897
  1417	   0.20468	   0.25518	   0.00974	   0.28897
  1418	   0.22825	   0.25639	   0.00765	   0.36758
  1419	   0.30275	   0.26515	   0.21216	   0.53075
  1420	   0.21742	   0.25605	   0.01881	   0.27975
  1421	   0.26683	   0.25765	   0.04544	   0.86405
  1422	   0.28222	   0.25884	   0.03079	   0.96381
  1423	   0.24480	   0.25974	   0.02326	   0.39219
  1424	   0.21319	   0.25584	   0.02207	   0.29183
  1425	   0.21855	   0.25605	   0.02521	   0.36526
  1426	   0.24513	   0.25765	   0.03513	   0.43175
  1427	   0.20603	   0.25562	   0.00788	   0.29055
  1428	   0.30597	   0.26401	   0.06823	   0.71427
  1429	   0.26294	   0.26004	   0.08542	   0.43175
  1430	   0.33550	   0.26323	   0.10069	   1.18657
  1431	   0.27122	   0.25765	   0.06547	   0.51538
  1432	   0.29314	   0.26329	   0.13232	   0.60042
  1433	   0.20139	   0.25562	   0.00968	   0.28897
  1434	   0.22615	   0.25562	   0.06610	   0.29055
  1435	   0.24330	   0.25827	   0.02880	   0.44012
  1436	   0.28293	   0.26254	   0.08886	   0.83626
  1437	   0.37195	   0.26595	   0.23776	   0.90429
  1438	   0.30479	   0.26069	   0.04504	   0.87851
  1439	   0.31467	   0.26323	   0.13876	   0.71184
  1440	   0.22832	   0.25605	   0.04230	   0.35483
  1441	   0.41551	   0.26427	   0.03107	   1.64288
  1442	   0.31658	   0.26141	   0.03079	   0.79730
  1443	   0.20602	   0.25518	   0.01882	   0.28897
  1444	   0.25020	   0.25765	   0.06651	   0.37336
  1445	   0.23236	   0.25639	   0.03075	   0.37336
  1446	   0.23234	   0.25626	   0.00939	   0.33378
  1447	   0.30086	   0.26004	   0.01950	   0.82045
  1448	   0.45374	   0.26578	   0.23682	   1.43412
  1449	   0.21780	   0.25562	   0.01403	   0.29055
  1450	   0.35372	   0.26254	   0.02951	   1.34798
  1451	   0.24410	   0.25827	   0.02091	   0.38360
  1452	   0.20969	   0.25562	   0.02096	   0.29055
  1453	   0.23154	   0.25601	   0.01178	   0.58799
  1454	   0.52157	   0.26515	   0.18577	   2.29997
  1455	   0.22129	   0.25584	   0.00439	   0.29183
  1456	   0.42349	   0.26329	   0.06995	   2.89846
  1457	   0.27809	   0.26141	   0.05396	   0.75014
  1458	   0.23958	   0.25584	   0.08258	   0.29183
  1459	   0.19781	   0.25518	   0.01262	   0.28897
  1460	   0.24371	   0.25639	   0.03113	   0.52011
  1461	   0.28090	   0.26323	   0.07065	   0.47564
  1462	   0.23712	   0.25626	   0.03485	   0.31969
  1463	   0.34101	   0.26329	   0.05867	   0.97497
  1464	   0.27839	   0.25974	   0.03821	   0.67067
  1465	   0.27887	   0.26254	   0.05665	   0.56917
  1466	   0.22421	   0.25626	   0.01746	   0.33336
  1467	   0.25440	   0.25884	   0.01611	   0.63704
  1468	   0.21693	   0.25601	   0.03205	   0.28897
  1469	   0.25643	   0.25827	   0.02230	   0.58799
  1470	   0.22499	   0.25601	   0.04075	   0.29055
  1471	   0.33733	   0.26427	   0.03231	   0.92270
  1472	   0.35713	   0.26254	   0.08810	   1.24141
  1473	   0.22294	   0.25584	   0.00906	   0.29183
  1474	   0.26358	   0.25639	   0.01265	   0.92270
  1475	   0.58169	   0.26323	   0.03079	   3.59531
  1476	   0.34814	   0.26401	   0.01967	   0.92270
  1477	   0.22998	   0.25639	   0.01178	   0.49525
  1478	   0.27611	   0.26069	   0.01033	   0.81333
  1479	   0.33116	   0.26323	   0.05218	   0.92014
  1480	   0.48486	   0.26693	   0.03079	   1.83376
  1481	   0.43474	   0.26693	   0.14004	   0.97296
  1482	   0.36863	   0.26555	   0.04424	   0.96089
  1483	   0.45993	   0.27300	   0.05795	   0.98555
  1484	   0.55355	   0.78014	   0.00724	   1.03144
  1485	   0.62552	   0.90389	   0.01067	   1.03398
  1486	   0.64441	   0.91174	   0.00417	   1.06150
  1487	   0.90654	   0.93837	   0.02835	   1.88149
  1488	   1.03396	   0.95574	   0.19437	   2.42838
  1489	   0.76076	   0.92781	   0.04305	   1.04025
  1490	   0.77447	   0.91651	   0.05572	   1.06150
  1491	   0.87798	   0.93139	   0.08363	   1.56292
  1492	   0.80006	   0.92781	   0.04336	   1.19705
  1493	   0.86090	   0.93139	   0.06332	   1.41960
  1494	   0.84071	   0.93139	   0.12571	   1.28576
  1495	   0.82911	   0.93365	   0.01349	   1.30998
  1496	   0.73527	   0.92014	   0.02800	   1.06604
  1497	   0.70748	   0.91886	   0.01470	   1.06150
  1498	   0.81715	   0.93290	   0.03079	   1.16277
  1499	   0.82843	   0.93017	   0.02251	   1.59751
  1500	   0.72820	   0.91886	   0.03079	   1.06150
  1501	   0.75059	   0.92014	   0.01593	   1.06150
  1502	   0.92767	   0.93947	   0.19343	   1.60441
  1503	   0.71712	   0.91886	   0.02936	   1.06150
  1504	   0.77179	   0.92539	   0.09972	   1.06150
  1505	   0.71570	   0.91886	   0.02142	   1.06150
  1506	   0.82431	   0.93017	   0.03124	   1.24283
  1507	   0.91733	   0.92781	   0.07378	   1.81975
  1508	   0.73494	   0.91886	   0.07551	   1.06150
  1509	   0.83878	   0.92115	   0.14805	   1.09400
  1510	   0.76716	   0.92539	   0.00267	   1.10776
  1511	   0.87695	   0.93306	   0.03920	   2.82548
  1512	   0.76683	   0.92014	   0.07912	   1.06604
  1513	   0.80049	   0.93306	   0.02547	   1.06150
  1514	   0.95946	   0.93738	   0.32995	   2.40288
  1515	   0.83655	   0.93139	   0.07434	   1.32890
  1516	   0.79245	   0.92539	   0.06813	   1.09400
  1517	   0.93309	   0.93907	   0.10355	   1.97707
  1518	   1.08546	   0.95388	   0.34423	   2.80972
  1519	   1.02040	   0.94793	   0.11419	   2.31490
  1520	   0.71138	   0.92014	   0.00872	   1.06604
  1521	   0.69880	   0.92014	   0.01502	   1.06604
  1522	   0.86251	   0.93365	   0.13018	   1.10776
  1523	   0.73712	   0.92014	   0.04816	   1.06150
  1524	   0.85855	   0.93139	   0.11252	   1.53891
  1525	   0.70150	   0.92014	   0.01561	   1.06150
  1526	   0.94736	   0.94166	   0.06491	   1.60903
  1527	   1.02250	   0.93947	   0.01228	   2.83975
  1528	   0.84881	   0.93306	   0.02887	   1.10776
  1529	   0.69278	   0.92014	   0.01336	   1.06150
  1530	   0.83692	   0.93306	   0.04195	   1.09400
  1531	   0.71315	   0.92115	   0.02227	   1.06150
  1532	   0.71133	   0.92014	   0.02609	   1.06150
  1533	   1.19987	   0.96232	   0.08095	   2.88281
  1534	   0.70919	   0.92115	   0.00579	   1.06604
  1535	   0.73872	   0.92014	   0.03263	   1.06150
  1536	   0.79106	   0.92781	   0.05376	   1.22839
  1537	   0.91054	   0.93365	   0.06948	   1.71758
  1538	   0.84316	   0.92781	   0.03079	   1.40332
  1539	   0.68318	   0.91886	   0.01290	   1.06150
  1540	   1.01425	   0.93837	   0.03079	   4.40843
  1541	   0.91430	   0.93365	   0.04443	   1.88799
  1542	   0.98617	   0.93837	   0.13665	   2.50218
  1543	   0.82416	   0.93306	   0.04768	   1.29755
  1544	   1.15606	   0.95776	   0.08086	   3.34234
  1545	   1.27626	   0.94793	   0.54508	   4.15505
  1546	   1.04677	   0.94264	   0.04650	   2.94035
  1547	   0.91802	   0.93907	   0.10756	   1.54398
  1548	   0.87139	   0.93306	   0.03275	   1.30372
  1549	   0.83401	   0.93017	   0.05961	   1.10776
  1550	   0.96911	   0.93907	   0.16426	   2.93835
  1551	   0.83076	   0.93738	   0.01534	   1.11528
  1552	   0.71219	   0.92014	   0.03079	   1.06150
  1553	   0.85196	   0.93017	   0.15006	   1.09773
  1554	   0.74965	   0.92780	   0.02193	   1.06150
  1555	   0.71470	   0.92014	   0.05381	   1.06150
  1556	   0.77505	   0.92115	   0.08128	   1.06604
  1557	   0.85939	   0.93306	   0.07755	   1.46274
  1558	   0.68341	   0.92014	   0.00057	   1.06150
  1559	   0.82944	   0.93017	   0.11643	   1.10776
  1560	   0.71796	   0.92014	   0.02256	   1.06150
  1561	   0.88892	   0.93306	   0.00771	   2.62332
  1562	   0.81731	   0.92781	   0.11489	   1.27399
  1563	   0.83126	   0.92539	   0.09894	   1.09400
  1564	   0.72847	   0.92115	   0.00519	   1.09400
  1565	   0.89404	   0.93139	   0.04849	   1.82255
  1566	   1.18908	   0.94264	   0.21304	   3.55385
  1567	   1.16632	   0.95388	   0.08518	   3.74564
  1568	   0.80047	   0.92781	   0.06706	   1.09400
  1569	   0.85204	   0.93837	   0.05143	   1.20702
  1570	   0.78921	   0.92780	   0.03496	   1.20702
  1571	   1.86796	   0.96089	   0.01422	   5.08277
  1572	   3.56691	   4.40246	   0.06935	   6.86391
  1573	   3.03341	   4.37404	   0.01379	   5.17176
  1574	   3.32264	   4.40395	   0.03427	   5.21429
  1575	   3.35841	   4.41455	   0.04539	   5.21429
  1576	   3.36068	   4.46621	   0.01907	   5.21429
  1577	   3.31292	   4.46621	   0.01061	   5.21429
  1578	   3.43906	   4.46621	   0.01680	   5.21429
  1579	   3.47506	   4.46621	   0.16540	   5.21429
  1580	   3.42013	   4.46621	   0.02285	   5.21429
  1581	   3.77680	   4.46621	   0.14961	   5.21429
  1582	   3.51953	   4.46621	   0.10025	   5.21429
  1583	   3.39300	   4.46621	   0.02273	   5.21429
  1584	   3.67709	   4.53732	   0.02731	   5.21429
  1585	   5.29065	   4.69250	   0.10045	  12.99642
  1586	   3.62930	   4.50318	   0.03705	   5.21429
  1587	   3.39936	   4.46621	   0.02199	   5.21429
  1588	   3.51745	   4.46621	   0.01864	   5.21429
  1589	   4.15539	   4.54230	   0.05550	   5.54114
  1590	   3.54888	   4.53762	   0.01672	   5.41034
  1591	   4.22482	   4.57294	   0.04347	   7.34101
  1592	   3.96098	   4.56414	   0.06475	   7.21647
  1593	   3.66807	   4.52164	   0.07244	   5.31909
  1594	   3.65959	   4.52164	   0.06398	   5.31909
  1595	   3.40782	   4.52164	   0.00524	   5.25913
  1596	   3.55187	   4.52164	   0.05694	   5.25913
  1597	   3.58462	   4.53732	   0.01093	   5.31909
  1598	   4.62195	   4.61862	   0.04681	  10.10328
  1599	   3.43551	   4.52164	   0.00217	   5.25913
  1600	   3.43571	   4.52164	   0.00653	   5.25913
  1601	   3.47251	   4.52164	   0.12151	   5.25913
  1602	   3.43223	   4.52164	   0.01288	   5.25913
  1603	   3.61479	   4.50318	   0.06802	   5.25913
  1604	   3.68731	   4.50318	   0.53438	   5.25913
  1605	   3.52917	   4.50318	   0.06463	   5.25913
  1606	   3.43715	   4.50318	   0.03700	   5.25913
  1607	   3.57738	   4.50318	   0.06495	   5.25913
  1608	   3.45778	   4.50318	   0.03185	   5.25913
  1609	   3.43185	   4.50318	   0.07065	   5.25913
  1610	   3.40425	   4.50318	   0.01869	   5.25913
  1611	   3.54416	   4.50318	   0.08266	   5.25913
  1612	   3.37711	   4.50318	   0.00599	   5.25913
  1613	   3.41989	   4.50318	   0.03404	   5.25913
  1614	   3.46296	   4.46621	   0.11273	   5.21429
  1615	   4.00656	   4.46621	   0.12280	   5.21429
  1616	   2.01575	   0.38698	   0.01568	   5.03504
  1617	   0.28523	   0.32131	   0.00939	   0.49050
  1618	   0.39267	   0.35433	   0.12408	   0.87739
  1619	   0.61204	   0.35936	   0.24341	   1.88355
  1620	   0.41355	   0.34950	   0.17478	   1.17613
  1621	   0.26718	   0.32259	   0.00481	   0.49050
  1622	   0.31836	   0.32891	   0.05156	   0.60859
  1623	   0.59819	   0.35433	   0.03079	   2.41174
  1624	   0.30079	   0.32674	   0.01444	   0.60859
  1625	   0.44777	   0.34961	   0.09338	   1.47354
  1626	   0.31946	   0.33358	   0.05190	   0.60859
  1627	   0.40664	   0.35936	   0.08174	   0.94306
  1628	   0.27859	   0.32438	   0.01116	   0.49050
  1629	   0.82321	   0.36338	   0.08880	   4.27055
  1630	   0.50311	   0.35433	   0.06632	   1.75981
  1631	   0.45038	   0.34950	   0.07512	   1.16060
  1632	   0.41805	   0.34850	   0.03079	   1.23483
  1633	   0.45304	   0.35432	   0.15900	   1.21093
  1634	   0.54544	   0.35433	   0.06400	   2.81005
  1635	   0.28506	   0.32438	   0.01186	   0.49816
  1636	   0.29934	   0.33358	   0.03293	   0.49899
  1637	   0.31530	   0.33358	   0.01314	   0.65794
  1638	   0.41092	   0.34961	   0.18630	   0.99487
  1639	   0.33013	   0.34323	   0.02746	   0.73644
  1640	   0.39030	   0.34459	   0.03079	   1.36866
  1641	   0.31011	   0.32432	   0.05473	   0.48719
  1642	   0.34234	   0.34459	   0.02636	   0.77873
  1643	   0.31362	   0.33929	   0.07040	   0.49050
  1644	   0.39713	   0.34850	   0.11518	   1.31074
  1645	   0.40330	   0.34614	   0.05584	   1.40004
  1646	   0.29397	   0.32259	   0.04206	   0.48719
  1647	   0.51877	   0.35432	   0.03262	   1.78073
  1648	   0.49349	   0.36352	   0.24341	   1.21907
  1649	   0.39191	   0.34961	   0.02717	   0.96330
  1650	   0.30101	   0.32432	   0.06471	   0.48719
  1651	   0.58083	   0.36352	   0.24341	   2.19485
  1652	   0.35396	   0.33929	   0.01968	   1.33963
  1653	   0.58557	   0.37056	   0.24623	   1.81836
  1654	   0.56104	   0.36220	   0.04703	   1.62194
  1655	   0.53411	   0.34850	   0.00114	   1.77226
  1656	   1.18648	   1.37333	   0.05202	   2.60790
  1657	   1.03062	   1.40312	   0.02702	   1.83742
  1658	   1.38010	   1.55194	   0.03862	   2.09079
  1659	   1.24439	   1.54484	   0.03079	   1.92613
  1660	   1.19660	   1.54484	   0.01554	   1.92613
  1661	   1.39309	   1.58653	   0.03316	   3.06540
  1662	   1.21836	   1.55194	   0.00464	   2.00540
  1663	   1.21302	   1.54611	   0.02659	   1.92613
  1664	   1.34209	   1.56590	   0.05320	   2.00540
  1665	   1.29297	   1.55194	   0.04237	   2.00540
  1666	   1.99239	   1.62194	   0.37387	   5.92312
  1667	   1.24724	   1.55194	   0.04803	   2.00540
  1668	   1.18720	   1.54611	   0.03255	   1.92613
  1669	   1.16016	   1.54611	   0.00585	   1.92613
  1670	   1.26658	   1.54611	   0.02418	   1.94140
  1671	   1.29898	   1.56135	   0.03079	   2.00540
  1672	   1.31608	   1.54484	   0.04943	   1.92613
  1673	   1.34694	   1.57517	   0.03079	   2.09079
  1674	   1.29717	   1.54936	   0.04074	   1.92613
  1675	   1.77129	   1.60651	   0.03079	   4.77765
  1676	   1.43674	   1.60642	   0.04502	   2.30518
  1677	   1.23397	   1.54611	   0.04506	   1.94140
  1678	   1.25860	   1.54611	   0.04345	   1.94140
  1679	   1.21592	   1.54611	   0.05419	   1.94140
  1680	   1.21307	   1.54611	   0.01793	   1.94140
  1681	   1.34431	   1.55194	   0.15880	   1.94140
  1682	   1.39252	   1.58055	   0.07370	   1.94140
  1683	   1.22649	   1.55194	   0.00715	   2.00540
  1684	   1.38209	   1.58055	   0.03079	   2.09079
  1685	   1.31440	   1.56590	   0.09397	   2.00540
  1686	   1.34302	   1.55194	   0.06860	   2.00540
  1687	   1.46880	   1.58055	   0.03277	   2.68905
  1688	   1.54971	   1.60524	   0.07709	   3.75684
  1689	   1.66152	   1.60909	   0.03079	   4.17625
  1690	   1.25201	   1.56590	   0.00955	   2.09079
  1691	   2.09043	   1.65934	   0.08046	   5.43535
  1692	   1.44597	   1.60146	   0.08836	   2.46920
  1693	   1.21195	   1.56135	   0.00193	   2.09079
  1694	   1.21955	   1.56135	   0.01202	   2.09079
  1695	   1.20408	   1.54611	   0.03414	   1.94140
  1696	   1.73348	   1.62194	   0.20401	   2.90289
  1697	   1.32663	   1.55194	   0.07082	   1.94140
  1698	   1.26792	   1.54611	   0.04648	   1.94140
  1699	   1.32921	   1.56590	   0.08055	   1.94140