Loci	Mean_rho	Median	L95	U95
     0	1666.63858	1763.57780	 506.42255	2217.98690
     1	   4.53833	   6.15141	   0.11904	   8.32098
     2	   4.62109	   6.15141	   0.02057	   8.32098
     3	   4.53571	   6.15141	   0.03568	   8.32098
     4	   4.42004	   6.15141	   0.00327	   8.32098
     5	   4.64607	   6.15141	   0.05330	   8.32098
     6	   4.51858	   6.15141	   0.01720	   8.32098
     7	   4.79804	   6.15141	   0.06922	   8.32098
     8	   4.48019	   6.15141	   0.05596	   8.32098
     9	   4.58224	   6.15141	   0.18628	   8.32098
    10	   4.83928	   6.15141	   0.45217	   8.32098
    11	   4.55291	   6.15141	   0.11589	   8.32098
    12	   4.53985	   6.15141	   0.11288	   8.32098
    13	   4.40658	   6.15141	   0.00256	   8.32098
    14	   4.51891	   6.15141	   0.07650	   8.32098
    15	   4.76429	   6.15141	   0.06037	   8.32098
    16	   4.44201	   6.15141	   0.01938	   8.32098
    17	   4.55135	   6.15141	   0.04624	   8.32098
    18	   4.59446	   6.15141	   0.14377	   8.32098
    19	   5.38704	   6.50765	   0.53215	   8.32098
    20	   4.58358	   6.15141	   0.07973	   8.32098
    21	   4.69920	   6.15141	   0.15421	   8.32098
    22	   4.49202	   6.15141	   0.05596	   8.32098
    23	   4.58021	   6.15141	   0.03804	   8.32098
    24	   5.15583	   6.53027	   0.16198	   9.07420
    25	   4.58846	   6.15141	   0.17665	   8.32098
    26	   4.49878	   6.15141	   0.06029	   8.32098
    27	   4.69737	   6.15141	   0.17301	   8.32098
    28	   4.39828	   6.15141	   0.01954	   8.32098
    29	   4.61140	   6.15141	   0.06775	   8.32098
    30	   4.46383	   6.15141	   0.10866	   8.32098
    31	   5.05879	   6.37467	   0.48314	   8.32098
    32	   4.61155	   6.15141	   0.08207	   8.32098
    33	   4.67057	   6.15141	   0.03726	   8.32098
    34	   4.92891	   6.30422	   0.03276	   8.32098
    35	   4.77060	   6.15141	   0.05805	   8.32098
    36	   4.47358	   6.15141	   0.05130	   8.32098
    37	   4.86533	   6.50765	   0.07243	   8.46066
    38	   4.50731	   6.15141	   0.06298	   8.32098
    39	   4.83281	   6.15141	   0.04624	   8.32098
    40	   3.91985	   3.10655	   0.27578	   7.76052
    41	   3.97461	   3.66393	   0.12057	   9.24229
    42	   2.33572	   0.77707	   0.02683	   7.40856
    43	   1.04565	   0.42534	   0.20758	   3.42504
    44	   0.75166	   0.41379	   0.06788	   2.89122
    45	   0.77367	   0.42059	   0.20803	   2.76309
    46	   0.54391	   0.40229	   0.10453	   2.27872
    47	   0.67955	   0.41784	   0.10945	   2.48475
    48	   0.40766	   0.39211	   0.02341	   0.83413
    49	   0.99923	   0.41424	   0.25964	   6.73213
    50	   0.38071	   0.38942	   0.00329	   1.28175
    51	   0.38761	   0.39136	   0.07186	   0.69733
    52	   0.36829	   0.39464	   0.01939	   0.69281
    53	   0.39252	   0.39498	   0.04508	   0.77797
    54	   0.47922	   0.40282	   0.07023	   1.49562
    55	   0.47477	   0.41241	   0.28674	   1.02542
    56	   0.56997	   0.41379	   0.35250	   1.77361
    57	   0.52747	   0.40059	   0.04937	   1.92203
    58	   0.31948	   0.38383	   0.02126	   0.46209
    59	   0.56207	   0.41212	   0.29003	   1.64976
    60	   0.51984	   0.40466	   0.14208	   1.85056
    61	   0.31790	   0.38812	   0.00899	   0.46209
    62	   0.48115	   0.40282	   0.11684	   1.35727
    63	   0.59565	   0.41241	   0.12741	   1.96728
    64	   0.41508	   0.39321	   0.09515	   1.05888
    65	   0.48381	   0.40059	   0.11497	   1.65604
    66	   0.44744	   0.40282	   0.06858	   0.91145
    67	   0.33370	   0.38673	   0.02590	   0.47545
    68	   0.39710	   0.39498	   0.08033	   0.60925
    69	   0.36544	   0.39152	   0.03132	   0.47584
    70	   0.57276	   0.41053	   0.10178	   1.66752
    71	   0.48546	   0.41053	   0.06200	   1.44173
    72	   0.42220	   0.40229	   0.12072	   0.66846
    73	   0.43414	   0.40229	   0.01373	   0.99919
    74	   0.44888	   0.40059	   0.21181	   1.04463
    75	   0.36326	   0.39321	   0.02055	   0.48644
    76	   0.61563	   0.40466	   0.14187	   2.13877
    77	   0.42188	   0.39498	   0.04624	   0.87706
    78	   0.40602	   0.39211	   0.05130	   0.96043
    79	   0.46988	   0.40229	   0.05082	   1.53384
    80	   0.31691	   0.38673	   0.00681	   0.47545
    81	   0.44347	   0.39507	   0.00429	   1.73530
    82	   0.48855	   0.41241	   0.10687	   1.49527
    83	   0.86719	   0.41212	   0.22532	   3.73225
    84	   0.59156	   0.40282	   0.09941	   3.23615
    85	   0.31370	   0.38623	   0.00189	   0.46556
    86	   0.38620	   0.39952	   0.05934	   0.77568
    87	   0.39109	   0.39211	   0.02264	   0.96176
    88	   0.30771	   0.38623	   0.00203	   0.46556
    89	   0.36388	   0.38812	   0.07819	   0.47549
    90	   0.45891	   0.40229	   0.09231	   1.01583
    91	   0.48438	   0.40059	   0.04624	   1.52004
    92	   0.35632	   0.38673	   0.04624	   0.46556
    93	   0.41834	   0.40051	   0.04947	   0.76313
    94	   0.33190	   0.38623	   0.02328	   0.46209
    95	   0.39308	   0.40051	   0.02919	   0.66847
    96	   0.40604	   0.39464	   0.04696	   0.88026
    97	   0.41959	   0.39952	   0.08276	   0.60607
    98	   0.32135	   0.38812	   0.00602	   0.46209
    99	   0.33906	   0.38812	   0.02943	   0.47545
   100	   0.61517	   0.41241	   0.10651	   2.86870
   101	   0.40898	   0.39507	   0.02473	   1.18869
   102	   0.52856	   0.41053	   0.04624	   1.64492
   103	   0.32400	   0.38623	   0.04290	   0.46209
   104	   0.42509	   0.39952	   0.04624	   0.95733
   105	   0.50346	   0.41053	   0.23311	   1.55175
   106	   0.31581	   0.38623	   0.02458	   0.46209
   107	   0.57126	   0.41241	   0.27557	   2.03577
   108	   0.44270	   0.40057	   0.09914	   1.38057
   109	   0.38849	   0.39321	   0.04869	   0.57805
   110	   0.41647	   0.39952	   0.04624	   1.08039
   111	   0.67975	   0.40756	   0.06719	   3.97641
   112	   0.51558	   0.41053	   0.16389	   1.44193
   113	   0.50213	   0.40057	   0.14173	   1.62990
   114	   0.34683	   0.38942	   0.00909	   0.47549
   115	   0.31579	   0.38623	   0.00352	   0.46556
   116	   0.41718	   0.39952	   0.02717	   1.02453
   117	   0.31540	   0.38383	   0.00748	   0.46209
   118	   0.36392	   0.39211	   0.01486	   0.62660
   119	   0.57641	   0.41053	   0.10782	   2.24232
   120	   0.40015	   0.39852	   0.03430	   0.60478
   121	   0.40505	   0.39321	   0.05123	   0.87443
   122	   0.60706	   0.40306	   0.04494	   2.52734
   123	   0.38117	   0.39136	   0.09320	   0.70497
   124	   0.38737	   0.39952	   0.04566	   0.72326
   125	   0.34719	   0.38812	   0.01853	   0.47545
   126	   0.42341	   0.40059	   0.18476	   0.83337
   127	   0.47488	   0.40466	   0.06404	   1.49157
   128	   0.40164	   0.39507	   0.09593	   0.68969
   129	   0.50390	   0.40282	   0.18443	   1.69760
   130	   0.49598	   0.40229	   0.01180	   1.32449
   131	   0.39153	   0.39321	   0.04624	   0.89625
   132	   0.48489	   0.40466	   0.15286	   1.26412
   133	   0.39982	   0.39211	   0.09278	   0.80154
   134	   0.50063	   0.40059	   0.18419	   1.70842
   135	   0.52943	   0.41053	   0.26013	   1.76300
   136	   0.57841	   0.41212	   0.17151	   1.64980
   137	   0.43963	   0.40466	   0.16684	   0.83678
   138	   0.36919	   0.39211	   0.00702	   0.59478
   139	   0.33634	   0.39136	   0.00573	   0.50272
   140	   0.38179	   0.39136	   0.07593	   0.61938
   141	   0.56643	   0.41241	   0.35250	   1.77441
   142	   0.37426	   0.39952	   0.02503	   0.48156
   143	   0.46757	   0.40756	   0.05818	   1.05377
   144	   0.57015	   0.40969	   0.14230	   2.21338
   145	   0.31654	   0.38673	   0.01747	   0.46556
   146	   0.39321	   0.39498	   0.05721	   0.73154
   147	   0.50477	   0.40466	   0.14939	   1.96445
   148	   0.49028	   0.40059	   0.08849	   1.08887
   149	   0.50503	   0.39952	   0.04166	   1.93543
   150	   0.52326	   0.40756	   0.12949	   1.75852
   151	   0.46664	   0.39507	   0.01264	   1.37653
   152	   0.41377	   0.40059	   0.14990	   0.71981
   153	   1.07253	   0.41212	   0.11828	   5.43950
   154	   0.34102	   0.38623	   0.03002	   0.46556
   155	   0.37557	   0.39464	   0.08253	   0.58639
   156	   0.60638	   0.41379	   0.34764	   1.93393
   157	   0.42154	   0.40164	   0.08435	   0.71805
   158	   0.59163	   0.40756	   0.11758	   1.92000
   159	   0.64130	   0.40229	   0.03904	   3.62188
   160	   0.44767	   0.40466	   0.15526	   0.90318
   161	   0.55003	   0.40756	   0.08984	   1.61772
   162	   0.51616	   0.40466	   0.11265	   1.91641
   163	   0.31122	   0.38623	   0.01711	   0.46556
   164	   0.42973	   0.39498	   0.07578	   0.80467
   165	   0.36462	   0.39211	   0.07477	   0.56885
   166	   0.54206	   0.40282	   0.02760	   1.74498
   167	   0.52576	   0.41053	   0.04624	   1.44886
   168	   0.78444	   0.41726	   0.35250	   2.71791
   169	   0.45896	   0.40229	   0.03504	   1.24726
   170	   0.45999	   0.40059	   0.05335	   1.61884
   171	   0.55935	   0.40756	   0.28721	   1.72315
   172	   0.52375	   0.39507	   0.05282	   2.31279
   173	   0.50037	   0.39464	   0.05173	   2.59554
   174	   0.43041	   0.40282	   0.11042	   0.77926
   175	   0.37857	   0.39464	   0.00199	   0.99954
   176	   0.45828	   0.41212	   0.14116	   1.23896
   177	   0.60649	   0.40756	   0.05839	   1.60543
   178	   1.20016	   1.36658	   0.17385	   2.25237
   179	   0.99148	   1.31294	   0.02866	   1.79449
   180	   1.46761	   1.46368	   0.08060	   3.45297
   181	   1.25645	   1.40580	   0.16764	   1.84718
   182	   1.40272	   1.48078	   0.21779	   3.52465
   183	   1.44903	   1.51343	   0.22545	   2.69121
   184	   1.34439	   1.48522	   0.11869	   1.86278
   185	   1.28299	   1.48078	   0.04541	   1.87305
   186	   1.16725	   1.46368	   0.02032	   1.86278
   187	   1.40102	   1.50588	   0.12850	   2.08884
   188	   1.72247	   1.52278	   0.11656	   4.29216
   189	   1.27219	   1.47866	   0.04847	   1.92608
   190	   2.03778	   1.57656	   1.15143	   5.48820
   191	   1.19202	   1.46368	   0.03475	   1.86278
   192	   1.17795	   1.47177	   0.01248	   1.86278
   193	   1.57468	   1.51919	   0.04928	   3.62558
   194	   1.76050	   1.52078	   0.18833	   6.38695
   195	   1.59205	   1.52967	   0.40159	   2.93822
   196	   1.31200	   1.48078	   0.04880	   1.86278
   197	   1.32221	   1.47177	   0.13953	   1.86278
   198	   1.39668	   1.51449	   0.02129	   2.45270
   199	   1.54487	   1.52524	   0.12017	   2.77571
   200	   1.32433	   1.49001	   0.06396	   1.86278
   201	   1.33417	   1.48522	   0.12774	   2.01576
   202	   1.62036	   1.53168	   0.15054	   3.10403
   203	   1.64086	   1.54685	   0.06994	   2.92586
   204	   1.43241	   1.51343	   0.16642	   2.25537
   205	   1.17239	   1.46368	   0.00757	   1.86278
   206	   1.29910	   1.47866	   0.06386	   1.92608
   207	   1.59124	   1.52967	   0.28951	   3.12537
   208	   1.20644	   1.46368	   0.03058	   1.86278
   209	   1.38104	   1.49001	   0.25589	   1.86278
   210	   1.37446	   1.48522	   0.05137	   1.88429
   211	   1.52190	   1.51919	   0.33258	   3.05712
   212	   1.32659	   1.47866	   0.19176	   1.87702
   213	   1.30311	   1.49001	   0.02320	   2.01576
   214	   1.36299	   1.51449	   0.04986	   2.01576
   215	   1.51129	   1.51449	   0.08741	   2.66993
   216	   1.42837	   1.51343	   0.02200	   3.84935
   217	   1.46357	   1.52278	   0.12646	   2.41143
   218	   1.99962	   1.52278	   0.20656	  10.37210
   219	   1.39386	   1.50588	   0.03789	   2.41143
   220	   1.22540	   1.45203	   0.13259	   1.92608
   221	   1.30644	   1.46003	   0.12497	   1.88429
   222	   1.29039	   1.45203	   0.15121	   2.01576
   223	   1.38157	   1.40252	   0.30480	   3.67043
   224	   1.34633	   1.42818	   0.30376	   2.35808
   225	   0.94374	   0.66810	   0.07252	   1.80604
   226	   0.79139	   0.64999	   0.00468	   1.72034
   227	   0.67871	   0.63035	   0.06753	   1.70684
   228	   0.60519	   0.62270	   0.01495	   1.70684
   229	   0.88122	   0.64897	   0.28905	   2.32487
   230	   0.61960	   0.62427	   0.09390	   1.23939
   231	   0.60258	   0.62270	   0.04040	   1.23939
   232	   0.83545	   0.63988	   0.31488	   2.46076
   233	   0.51835	   0.61147	   0.01362	   0.72730
   234	   0.57740	   0.62270	   0.10824	   0.95571
   235	   0.54959	   0.61614	   0.07898	   0.72730
   236	   0.59810	   0.62550	   0.06916	   0.88712
   237	   0.61011	   0.62427	   0.09653	   1.17931
   238	   0.54132	   0.61875	   0.03286	   0.78649
   239	   0.82241	   0.64303	   0.19695	   2.58601
   240	   0.54653	   0.61147	   0.13242	   0.72730
   241	   0.74084	   0.62947	   0.16069	   2.87391
   242	   0.58923	   0.62270	   0.23448	   0.72493
   243	   0.68498	   0.62947	   0.07191	   1.55479
   244	   0.80323	   0.63976	   0.37920	   2.19242
   245	   0.63738	   0.62415	   0.04624	   1.13462
   246	   0.56594	   0.61614	   0.11281	   0.70772
   247	   0.57255	   0.61875	   0.07149	   0.81489
   248	   0.87329	   0.64303	   0.36976	   2.50836
   249	   0.64776	   0.63035	   0.01384	   1.82738
   250	   0.69530	   0.63809	   0.03331	   1.70821
   251	   0.63693	   0.62947	   0.04624	   1.65610
   252	   0.69553	   0.63648	   0.20886	   1.75753
   253	   0.80410	   0.63560	   0.22275	   2.00738
   254	   0.49210	   0.61135	   0.02593	   0.71805
   255	   0.73752	   0.63035	   0.02954	   2.80880
   256	   0.58476	   0.62270	   0.11931	   0.72730
   257	   0.58686	   0.62415	   0.12661	   0.77143
   258	   0.48188	   0.60964	   0.00508	   0.71805
   259	   0.53589	   0.61147	   0.04624	   0.72493
   260	   0.82900	   0.63754	   0.22110	   2.78947
   261	   0.53670	   0.61135	   0.07537	   0.71996
   262	   0.59564	   0.62415	   0.03602	   1.39418
   263	   0.49156	   0.60964	   0.01054	   0.71805
   264	   0.76421	   0.63707	   0.13721	   2.68640
   265	   0.47810	   0.61135	   0.00301	   0.71996
   266	   0.62075	   0.63560	   0.17688	   0.99410
   267	   0.75945	   0.63905	   0.31805	   1.52803
   268	   0.85371	   0.63707	   0.20281	   2.95238
   269	   0.94117	   0.63905	   0.04624	   3.48476
   270	   0.66247	   0.62947	   0.13705	   1.46015
   271	   0.50086	   0.60964	   0.01374	   0.70772
   272	   0.49528	   0.61147	   0.00532	   0.72493
   273	   0.88354	   0.63905	   0.06951	   3.38306
   274	   0.60890	   0.62550	   0.07041	   1.07977
   275	   0.79084	   0.63648	   0.05880	   2.70191
   276	   0.52794	   0.61875	   0.02910	   0.76795
   277	   0.54413	   0.61614	   0.05833	   0.72730
   278	   0.67013	   0.63766	   0.10099	   1.19620
   279	   0.60688	   0.62550	   0.10622	   0.93241
   280	   0.55330	   0.62098	   0.04049	   1.05245
   281	   0.57695	   0.62270	   0.11384	   0.94329
   282	   0.49981	   0.61135	   0.01243	   0.71996
   283	   0.52363	   0.60964	   0.03161	   0.70772
   284	   0.47091	   0.60850	   0.00861	   0.70772
   285	   0.77172	   0.63905	   0.12513	   1.71388
   286	   0.63412	   0.62550	   0.12014	   1.59226
   287	   0.77456	   0.62550	   0.09283	   2.70852
   288	   0.65912	   0.63560	   0.13770	   1.79822
   289	   0.49978	   0.60850	   0.06222	   0.70772
   290	   0.47745	   0.60850	   0.02609	   0.70772
   291	   0.68869	   0.63560	   0.13454	   1.87314
   292	   0.68377	   0.63035	   0.04915	   1.81505
   293	   0.67094	   0.63035	   0.20198	   1.75923
   294	   0.54265	   0.61875	   0.04362	   0.84456
   295	   0.49743	   0.60964	   0.02786	   0.70772
   296	   0.54399	   0.61614	   0.00268	   1.05765
   297	   0.65953	   0.62411	   0.15923	   1.81901
   298	   0.72128	   0.63560	   0.08394	   1.99153
   299	   0.57951	   0.61875	   0.11383	   0.88888
   300	   0.73101	   0.63809	   0.46253	   1.65019
   301	   0.77804	   0.64126	   0.08646	   2.11389
   302	   0.49916	   0.60850	   0.03161	   0.70772
   303	   0.53444	   0.60964	   0.11318	   0.71996
   304	   0.54103	   0.60964	   0.04624	   0.70772
   305	   0.50334	   0.60850	   0.02048	   0.70772
   306	   0.59905	   0.62415	   0.04624	   1.16614
   307	   0.48965	   0.60850	   0.02551	   0.70772
   308	   0.63268	   0.63560	   0.09434	   1.08485
   309	   0.59316	   0.62270	   0.06616	   0.98727
   310	   0.49331	   0.60850	   0.00348	   0.70772
   311	   0.55206	   0.61875	   0.03938	   0.79593
   312	   0.51607	   0.60964	   0.03216	   0.71996
   313	   0.97331	   0.63905	   0.30646	   3.27755
   314	   0.57359	   0.62411	   0.00876	   0.99160
   315	   0.77165	   0.63707	   0.03264	   2.87046
   316	   0.67208	   0.62270	   0.08125	   1.06718
   317	   0.55139	   0.61614	   0.02149	   1.08179
   318	   0.62434	   0.62895	   0.25376	   1.04691
   319	   0.60294	   0.62941	   0.18764	   0.95123
   320	   0.79148	   0.64355	   0.13933	   2.05467
   321	   0.57579	   0.62098	   0.04703	   1.18704
   322	   0.58778	   0.62270	   0.04626	   1.35730
   323	   1.00913	   0.64580	   0.07633	   3.84800
   324	   0.98281	   0.66993	   0.31107	   2.10534
   325	   0.86188	   0.65685	   0.04624	   1.61178
   326	   0.86428	   0.66519	   0.03919	   1.61178
   327	   0.82874	   0.66280	   0.10629	   1.58707
   328	   0.92699	   0.72493	   0.08421	   1.77465
   329	   0.84969	   0.71996	   0.02284	   1.61178
   330	   0.94477	   1.07595	   0.04624	   1.75795
   331	   1.12644	   1.26285	   0.22903	   1.77465
   332	   1.39550	   1.35982	   0.44237	   4.17477
   333	   1.18054	   1.30297	   0.06536	   1.89133
   334	   1.20708	   1.30295	   0.18306	   1.96806
   335	   1.44405	   1.42085	   0.59611	   2.56615
   336	   1.26860	   1.35471	   0.11231	   2.01244
   337	   1.10275	   1.34885	   0.00756	   2.01244
   338	   1.18880	   1.35982	   0.00733	   2.06108
   339	   1.27685	   1.36324	   0.07351	   2.01244
   340	   1.30317	   1.37435	   0.08460	   2.07801
   341	   1.22390	   1.35730	   0.09947	   2.06108
   342	   1.38451	   1.41119	   0.13025	   2.66410
   343	   1.63734	   1.53767	   0.60481	   2.66540
   344	   1.65662	   1.42605	   0.03275	   9.47863
   345	   1.25430	   1.35730	   0.17400	   2.01244
   346	   1.38305	   1.36324	   0.21364	   2.03918
   347	   1.18959	   1.35471	   0.03969	   2.00228
   348	   1.32099	   1.36324	   0.15405	   2.10895
   349	   1.37598	   1.39534	   0.07502	   2.10895
   350	   1.35978	   1.36324	   0.04624	   3.67219
   351	   1.70044	   1.53566	   0.55770	   3.45878
   352	   1.24514	   1.35730	   0.12420	   2.00228
   353	   1.36748	   1.39534	   0.42537	   2.32814
   354	   1.54486	   1.45311	   0.46712	   2.90746
   355	   1.23370	   1.36324	   0.04508	   2.04484
   356	   1.50538	   1.43234	   0.33866	   2.82594
   357	   1.30065	   1.36324	   0.20841	   2.01244
   358	   1.24655	   1.35730	   0.03741	   2.01244
   359	   1.51383	   1.45311	   0.29978	   2.46501
   360	   1.38339	   1.41119	   0.21030	   2.22818
   361	   1.23007	   1.35730	   0.07951	   2.00228
   362	   1.21295	   1.35730	   0.08970	   2.00228
   363	   1.17079	   1.35471	   0.05936	   2.00228
   364	   1.65214	   1.47358	   0.91752	   3.19028
   365	   1.27968	   1.35982	   0.07136	   2.00228
   366	   1.36559	   1.39534	   0.47710	   2.31799
   367	   1.29475	   1.37435	   0.06721	   2.00228
   368	   1.25555	   1.36309	   0.11927	   2.00228
   369	   1.44093	   1.42868	   0.27591	   2.75029
   370	   1.16872	   1.35471	   0.07211	   2.00228
   371	   1.54300	   1.47272	   0.12602	   2.93425
   372	   1.38789	   1.42605	   0.04624	   2.42527
   373	   1.36682	   1.40875	   0.27008	   2.43087
   374	   1.20878	   1.35730	   0.06865	   2.00228
   375	   1.18274	   1.35471	   0.08380	   2.00228
   376	   1.09174	   1.34915	   0.01143	   1.89050
   377	   1.44836	   1.37435	   0.20204	   2.43365
   378	   0.78851	   0.57025	   0.05119	   1.71787
   379	   0.67463	   0.26079	   0.12237	   1.71727
   380	   0.50035	   0.24024	   0.11970	   1.35537
   381	   0.42152	   0.23729	   0.17940	   1.26285
   382	   0.26567	   0.21313	   0.02672	   1.11405
   383	   0.31331	   0.22544	   0.09444	   1.11405
   384	   0.28583	   0.22544	   0.04192	   0.64719
   385	   0.19488	   0.20704	   0.00998	   0.51572
   386	   0.26809	   0.21793	   0.06624	   1.00117
   387	   0.60593	   0.22737	   0.16571	   2.93253
   388	   0.32218	   0.21793	   0.01531	   2.27508
   389	   0.37190	   0.22737	   0.16571	   1.10996
   390	   0.33744	   0.22544	   0.04730	   1.28213
   391	   0.45490	   0.22671	   0.07765	   2.02166
   392	   0.49247	   0.22737	   0.16571	   2.21735
   393	   0.27626	   0.22548	   0.05022	   0.69880
   394	   0.23305	   0.21605	   0.03276	   0.62953
   395	   0.22041	   0.21313	   0.01269	   0.53172
   396	   0.30095	   0.22149	   0.07997	   1.11726
   397	   0.39603	   0.22539	   0.10486	   2.14500
   398	   0.24631	   0.21774	   0.06604	   0.56666
   399	   0.18382	   0.20346	   0.04624	   0.26079
   400	   0.22998	   0.21605	   0.06604	   0.47319
   401	   0.17929	   0.20352	   0.01343	   0.26897
   402	   0.33175	   0.22646	   0.07273	   1.09733
   403	   0.17638	   0.20134	   0.00591	   0.25728
   404	   0.36617	   0.22249	   0.08283	   2.00100
   405	   0.22991	   0.21372	   0.01341	   0.81608
   406	   0.43492	   0.22249	   0.04624	   2.05005
   407	   0.19262	   0.20352	   0.01635	   0.28802
   408	   0.16200	   0.20101	   0.00452	   0.25728
   409	   0.19393	   0.20539	   0.06604	   0.28824
   410	   0.32333	   0.22707	   0.16571	   0.99362
   411	   0.20480	   0.21216	   0.01176	   0.43393
   412	   0.34504	   0.22539	   0.06604	   1.41747
   413	   0.21339	   0.20704	   0.02383	   0.42881
   414	   0.39603	   0.22707	   0.11230	   1.37824
   415	   0.24117	   0.22384	   0.09950	   0.35305
   416	   0.23136	   0.21756	   0.08462	   0.50622
   417	   0.37261	   0.22797	   0.17506	   1.16162
   418	   0.25076	   0.21774	   0.04624	   0.68482
   419	   0.56860	   0.24609	   0.07395	   1.47509
   420	   0.53178	   0.23729	   0.05508	   1.47509
   421	   0.82205	   0.93953	   0.10380	   1.66841
   422	   0.87854	   0.97958	   0.13294	   1.65373
   423	   0.82829	   1.01904	   0.02272	   1.66841
   424	   0.91701	   1.09030	   0.04684	   1.69220
   425	   1.31175	   1.31970	   0.18206	   2.09522
   426	   1.28434	   1.27970	   0.63287	   2.06251
   427	   0.98528	   1.13658	   0.01747	   1.81183
   428	   1.27162	   1.24071	   0.07645	   2.48600
   429	   1.16138	   1.20555	   0.17512	   1.81183
   430	   1.00623	   1.13266	   0.04624	   1.81183
   431	   1.03565	   1.13658	   0.04772	   1.81183
   432	   0.93816	   0.96458	   0.01740	   2.31263
   433	   0.62358	   0.34568	   0.18801	   1.85907
   434	   0.33991	   0.23164	   0.09454	   1.08599
   435	   0.26166	   0.22481	   0.09142	   0.68663
   436	   0.23771	   0.21701	   0.01616	   0.71364
   437	   0.42132	   0.22387	   0.05046	   2.51927
   438	   0.35902	   0.23121	   0.05990	   1.23369
   439	   0.22966	   0.21440	   0.00091	   0.71364
   440	   0.24425	   0.21703	   0.01801	   1.31347
   441	   0.23846	   0.22021	   0.06971	   0.71364
   442	   0.19734	   0.21597	   0.03179	   0.28716
   443	   0.33271	   0.22618	   0.09760	   1.43735
   444	   0.37327	   0.23164	   0.07340	   1.27269
   445	   0.28946	   0.22842	   0.17173	   0.87497
   446	   0.23195	   0.22113	   0.08769	   0.48882
   447	   0.19005	   0.21357	   0.02184	   0.26088
   448	   0.53600	   0.23164	   0.14874	   2.03044
   449	   0.58883	   0.23208	   0.18758	   2.64815
   450	   0.18452	   0.21306	   0.02784	   0.25673
   451	   0.21634	   0.21703	   0.04624	   0.39583
   452	   0.21761	   0.21716	   0.06809	   0.31571
   453	   0.24915	   0.22301	   0.01440	   0.78511
   454	   0.29146	   0.22387	   0.04585	   1.00408
   455	   0.29182	   0.23164	   0.16011	   0.73687
   456	   0.26971	   0.22756	   0.08570	   0.69381
   457	   0.22967	   0.22034	   0.04624	   0.49775
   458	   0.23636	   0.21716	   0.03845	   0.64306
   459	   0.18324	   0.21273	   0.02408	   0.26088
   460	   0.17689	   0.21273	   0.00361	   0.26088
   461	   0.22247	   0.22021	   0.11130	   0.32028
   462	   0.19754	   0.21597	   0.06863	   0.26533
   463	   0.33992	   0.22842	   0.11601	   1.17477
   464	   0.36459	   0.22756	   0.02160	   1.53300
   465	   0.20613	   0.21703	   0.05383	   0.28173
   466	   0.19827	   0.21701	   0.01665	   0.28716
   467	   0.20368	   0.21597	   0.02355	   0.38873
   468	   0.22820	   0.21713	   0.04496	   0.68969
   469	   0.25715	   0.22756	   0.13071	   0.53082
   470	   0.17585	   0.21273	   0.00487	   0.25673
   471	   0.20170	   0.21712	   0.04211	   0.28236
   472	   0.33465	   0.22768	   0.06381	   1.57089
   473	   0.22910	   0.22113	   0.04624	   0.39312
   474	   0.27351	   0.22301	   0.02709	   1.14030
   475	   0.29748	   0.22047	   0.04693	   1.57861
   476	   0.26584	   0.22301	   0.04624	   0.89561
   477	   0.18981	   0.21539	   0.00807	   0.25844
   478	   0.22659	   0.21765	   0.01808	   0.53106
   479	   0.28969	   0.22756	   0.09092	   0.93614
   480	   0.22343	   0.22113	   0.04624	   0.33547
   481	   0.18361	   0.21306	   0.01928	   0.26088
   482	   0.27457	   0.22301	   0.05506	   1.08989
   483	   0.21334	   0.21716	   0.06742	   0.35593
   484	   0.31402	   0.22756	   0.03803	   1.18295
   485	   0.27793	   0.22301	   0.04624	   1.32851
   486	   0.29835	   0.23208	   0.18758	   0.82279
   487	   0.26518	   0.22323	   0.09957	   0.69534
   488	   0.24924	   0.23121	   0.15687	   0.45318
   489	   0.26706	   0.22572	   0.16227	   0.57008
   490	   0.20753	   0.21440	   0.01529	   0.60462
   491	   0.20284	   0.21306	   0.07862	   0.26088
   492	   0.17480	   0.21239	   0.00447	   0.25673
   493	   0.23102	   0.21713	   0.01376	   0.61043
   494	   0.25854	   0.22301	   0.04624	   0.64835
   495	   0.19549	   0.21440	   0.01830	   0.26368
   496	   0.27093	   0.22021	   0.05005	   0.77843
   497	   0.22850	   0.22047	   0.11143	   0.32710
   498	   0.17815	   0.21273	   0.00158	   0.26088
   499	   0.18902	   0.21273	   0.03598	   0.26088
   500	   0.26352	   0.22842	   0.17843	   0.57818
   501	   0.36297	   0.22756	   0.17488	   1.80048
   502	   0.28041	   0.22113	   0.09832	   1.34200
   503	   0.34740	   0.22572	   0.08853	   1.24350
   504	   0.20502	   0.21701	   0.06666	   0.27736
   505	   0.18423	   0.21306	   0.01880	   0.26088
   506	   0.22660	   0.22263	   0.04606	   0.42565
   507	   0.21295	   0.21712	   0.00598	   0.58444
   508	   0.18898	   0.21357	   0.00817	   0.30198
   509	   0.25378	   0.22301	   0.11935	   0.58925
   510	   0.21427	   0.21701	   0.04954	   0.42751
   511	   0.28838	   0.22387	   0.06386	   1.24018
   512	   0.27438	   0.23164	   0.08541	   0.60356
   513	   0.19932	   0.21597	   0.00643	   0.44129
   514	   0.33601	   0.23523	   0.10781	   0.86986
   515	   0.34031	   0.24143	   0.15979	   0.75071
   516	   0.38106	   0.28716	   0.18758	   1.00425
   517	   0.60134	   0.41840	   0.10180	   2.48897
   518	   0.40899	   0.42003	   0.13677	   0.98811
   519	   0.41712	   0.42514	   0.07725	   1.18142
   520	   0.31986	   0.41840	   0.04624	   0.47792
   521	   0.43125	   0.43423	   0.17780	   0.97764
   522	   0.42908	   0.43421	   0.02298	   1.36781
   523	   0.33935	   0.42514	   0.00370	   0.47584
   524	   0.31180	   0.42178	   0.00340	   0.47221
   525	   0.47001	   0.43524	   0.05077	   1.37576
   526	   0.42191	   0.43423	   0.07014	   0.99289
   527	   0.35864	   0.42950	   0.01973	   0.47988
   528	   0.31552	   0.42417	   0.01594	   0.47221
   529	   0.62025	   0.44469	   0.23389	   1.84435
   530	   0.35835	   0.43123	   0.00475	   0.47988
   531	   0.39729	   0.43421	   0.04926	   1.03789
   532	   0.53054	   0.44213	   0.21701	   1.42952
   533	   0.49539	   0.44130	   0.04624	   1.77447
   534	   0.37925	   0.43123	   0.06101	   0.47988
   535	   0.43651	   0.43979	   0.06074	   0.76519
   536	   0.44193	   0.43936	   0.04624	   0.96420
   537	   0.37797	   0.43524	   0.00621	   0.88653
   538	   0.52464	   0.44129	   0.13712	   1.51599
   539	   0.40445	   0.43524	   0.01841	   0.98726
   540	   0.44705	   0.43979	   0.01858	   1.00176
   541	   0.41098	   0.43540	   0.03944	   0.98726
   542	   0.46580	   0.44130	   0.08495	   1.11119
   543	   0.45696	   0.44159	   0.06456	   1.00176
   544	   0.52280	   0.44450	   0.08441	   1.77986
   545	   0.53362	   0.44698	   0.11918	   1.11148
   546	   0.55817	   0.44539	   0.06201	   1.21896
   547	   0.62859	   0.44539	   0.32522	   1.62653
   548	   0.58096	   0.44499	   0.07519	   1.62653
   549	   0.63990	   0.44539	   0.06405	   2.09857
   550	   0.72914	   0.45112	   0.39502	   2.17791
   551	   0.60546	   0.44901	   0.38835	   1.28442
   552	   0.72450	   0.45504	   0.40496	   1.69242
   553	   0.72955	   0.44722	   0.15186	   3.29335
   554	   0.61236	   0.44646	   0.15677	   1.57623
   555	   0.51985	   0.44499	   0.05808	   1.07704
   556	   0.43327	   0.44129	   0.05449	   0.89783
   557	   0.63533	   0.44646	   0.17253	   1.55158
   558	   0.39260	   0.43540	   0.02024	   0.89783
   559	   0.57286	   0.44976	   0.18521	   1.11148
   560	   0.68703	   0.44976	   0.30410	   2.21290
   561	   0.42388	   0.43595	   0.04777	   0.93102
   562	   0.65887	   0.44499	   0.10470	   2.23759
   563	   0.40288	   0.43732	   0.02078	   0.89783
   564	   0.55055	   0.44499	   0.12481	   1.89179
   565	   0.73095	   0.44646	   0.26401	   4.44236
   566	   0.57196	   0.44213	   0.08101	   2.01498
   567	   0.48725	   0.44213	   0.19728	   0.84595
   568	   0.44571	   0.44159	   0.04624	   0.82782
   569	   0.43103	   0.43743	   0.09632	   0.81333
   570	   0.41252	   0.43732	   0.04624	   0.65077
   571	   0.44540	   0.43732	   0.06011	   1.06323
   572	   0.73456	   0.44646	   0.35519	   3.15612
   573	   0.62277	   0.44539	   0.37235	   1.83629
   574	   0.50597	   0.44159	   0.09366	   1.46316
   575	   0.47372	   0.44213	   0.11350	   0.87487
   576	   0.42184	   0.43770	   0.04920	   0.81225
   577	   0.42940	   0.43540	   0.09452	   0.73131
   578	   0.41091	   0.43540	   0.05025	   0.65077
   579	   0.52942	   0.44159	   0.09584	   1.78151
   580	   0.35288	   0.43279	   0.01659	   0.51104
   581	   0.51589	   0.44130	   0.03046	   1.73385
   582	   0.38656	   0.43421	   0.00535	   0.58354
   583	   0.42692	   0.43524	   0.08796	   0.83928
   584	   0.39843	   0.43423	   0.03051	   0.51104
   585	   0.40142	   0.43524	   0.00426	   0.73093
   586	   0.49447	   0.43770	   0.13368	   1.59512
   587	   0.44457	   0.43936	   0.07741	   0.86005
   588	   0.46090	   0.44213	   0.17610	   0.96933
   589	   0.50570	   0.44394	   0.25789	   0.99669
   590	   0.41068	   0.43540	   0.02755	   0.70257
   591	   0.39218	   0.43413	   0.04624	   0.58354
   592	   0.45445	   0.43936	   0.04239	   1.04856
   593	   0.43487	   0.43595	   0.04559	   0.81654
   594	   0.47670	   0.44130	   0.03194	   1.26343
   595	   0.56813	   0.44394	   0.05642	   1.75844
   596	   0.66079	   0.44450	   0.19701	   3.25746
   597	   0.56759	   0.44471	   0.20221	   1.43707
   598	   0.36013	   0.43413	   0.00352	   0.51104
   599	   0.53229	   0.44159	   0.04624	   1.54520
   600	   0.53202	   0.44377	   0.21234	   1.20159
   601	   0.48386	   0.43979	   0.01882	   1.57289
   602	   0.43401	   0.43743	   0.06739	   0.76638
   603	   0.45480	   0.43979	   0.22075	   0.84478
   604	   0.46005	   0.43979	   0.00916	   0.93464
   605	   0.44512	   0.43732	   0.07728	   1.04443
   606	   0.38592	   0.43524	   0.02011	   0.54412
   607	   0.45876	   0.43743	   0.09595	   1.02470
   608	   0.53683	   0.44213	   0.04624	   1.37717
   609	   0.36586	   0.43239	   0.01987	   0.47988
   610	   0.43833	   0.43524	   0.07193	   0.84984
   611	   0.41676	   0.43423	   0.02286	   0.72431
   612	   0.35422	   0.43020	   0.03232	   0.47584
   613	   0.35271	   0.43020	   0.02218	   0.47584
   614	   0.44606	   0.44129	   0.11994	   0.68310
   615	   0.33188	   0.43123	   0.00760	   0.47817
   616	   0.47701	   0.44129	   0.18227	   1.06083
   617	   0.41516	   0.43743	   0.08739	   0.61457
   618	   0.47654	   0.43936	   0.10943	   1.08114
   619	   0.41433	   0.43524	   0.09231	   0.51104
   620	   0.35325	   0.43123	   0.00195	   0.47584
   621	   0.37846	   0.43239	   0.02889	   0.47988
   622	   0.49149	   0.43979	   0.15747	   1.37584
   623	   0.51782	   0.44213	   0.25255	   1.18795
   624	   0.65168	   0.44539	   0.35921	   2.27688
   625	   0.50844	   0.43936	   0.14386	   1.47183
   626	   0.34466	   0.43123	   0.01538	   0.47584
   627	   0.41445	   0.43524	   0.15203	   0.50180
   628	   0.64734	   0.44450	   0.14920	   1.87721
   629	   0.61325	   0.44394	   0.11139	   2.23753
   630	   0.44457	   0.44213	   0.04278	   0.62640
   631	   0.35848	   0.43279	   0.03475	   0.47817
   632	   0.44644	   0.43936	   0.09859	   0.81907
   633	   0.41701	   0.43524	   0.04624	   1.01588
   634	   0.39650	   0.43279	   0.11108	   0.47988
   635	   0.32914	   0.43020	   0.00195	   0.47584
   636	   0.39439	   0.43423	   0.01363	   0.85138
   637	   0.62136	   0.43979	   0.04624	   2.72807
   638	   0.42844	   0.43766	   0.03957	   0.77842
   639	   0.34000	   0.43020	   0.00853	   0.47584
   640	   0.46080	   0.43732	   0.05919	   1.19453
   641	   0.47615	   0.44129	   0.10649	   1.00307
   642	   0.46765	   0.43936	   0.03260	   1.14759
   643	   0.49635	   0.43979	   0.03247	   1.38485
   644	   0.50850	   0.44213	   0.16404	   1.23155
   645	   0.49488	   0.44130	   0.13616	   1.00335
   646	   0.40229	   0.43524	   0.07902	   0.57651
   647	   0.64634	   0.44499	   0.38984	   2.16665
   648	   0.65568	   0.44394	   0.09995	   3.54296
   649	   0.36510	   0.43239	   0.01664	   0.47988
   650	   0.41092	   0.43524	   0.12995	   0.52376
   651	   0.41744	   0.43732	   0.07789	   0.71403
   652	   0.51153	   0.44130	   0.11757	   1.43592
   653	   0.42046	   0.43540	   0.11679	   0.67470
   654	   0.41406	   0.43732	   0.04624	   0.66552
   655	   0.43170	   0.43732	   0.07482	   0.89753
   656	   0.52081	   0.44394	   0.04624	   1.39033
   657	   0.47879	   0.43743	   0.17076	   1.33454
   658	   0.44499	   0.43743	   0.05825	   0.89753
   659	   0.40773	   0.43423	   0.10396	   0.56219
   660	   0.33885	   0.43123	   0.01293	   0.47817
   661	   0.46832	   0.44130	   0.18263	   0.86965
   662	   0.45682	   0.43595	   0.03361	   1.08107
   663	   0.52219	   0.43936	   0.04624	   1.80813
   664	   0.39167	   0.43540	   0.05799	   0.54276
   665	   0.33081	   0.43020	   0.00129	   0.47584
   666	   0.36752	   0.43020	   0.07323	   0.47584
   667	   0.51290	   0.43743	   0.04911	   1.30144
   668	   0.45449	   0.43770	   0.03838	   1.44853
   669	   0.53115	   0.44213	   0.27661	   1.42715
   670	   0.37539	   0.43413	   0.01591	   0.57018
   671	   0.49530	   0.43979	   0.10871	   1.28221
   672	   0.45934	   0.44159	   0.10748	   0.79020
   673	   0.47640	   0.44129	   0.12146	   1.18120
   674	   0.51602	   0.44130	   0.03686	   1.40220
   675	   0.42115	   0.43732	   0.09191	   0.89273
   676	   0.65334	   0.44469	   0.19493	   2.74453
   677	   0.38868	   0.43421	   0.01244	   0.55697
   678	   0.41025	   0.43524	   0.01472	   0.85498
   679	   0.35703	   0.43020	   0.06676	   0.47584
   680	   0.38107	   0.43423	   0.00914	   0.57983
   681	   0.44214	   0.43732	   0.08947	   0.73900
   682	   0.45932	   0.43770	   0.05359	   1.04806
   683	   0.46329	   0.43979	   0.04624	   0.98151
   684	   0.43744	   0.43872	   0.22538	   0.62864
   685	   0.47771	   0.43979	   0.07741	   1.23749
   686	   0.35946	   0.43123	   0.03463	   0.47584
   687	   0.33781	   0.43123	   0.00146	   0.47584
   688	   0.33031	   0.43123	   0.00147	   0.47584
   689	   0.39667	   0.43421	   0.06592	   0.55700
   690	   0.49463	   0.43743	   0.02054	   1.56397
   691	   0.42721	   0.43421	   0.10018	   0.70803
   692	   0.43188	   0.43743	   0.03535	   0.67879
   693	   0.38820	   0.43524	   0.04624	   0.57554
   694	   0.47497	   0.43732	   0.10226	   0.87657
   695	   0.47839	   0.43936	   0.15920	   1.15201
   696	   0.36312	   0.43421	   0.00709	   0.49251
   697	   0.58069	   0.44213	   0.12830	   2.08522
   698	   0.32982	   0.43123	   0.00588	   0.47584
   699	   0.33935	   0.43123	   0.01383	   0.47584
   700	   0.39189	   0.43413	   0.06369	   0.47988
   701	   0.67208	   0.44213	   0.29890	   2.19176
   702	   0.87600	   0.43421	   0.01825	   6.94768
   703	   2.24891	   0.44213	   0.04480	   9.68649
   704	   5.40521	   5.40034	   0.13209	  10.83639
   705	   6.43993	   6.45592	   0.04271	  13.44311
   706	   6.26270	   6.45592	   0.13882	  13.44311
   707	   6.25182	   6.45592	   0.32986	  13.44311
   708	   6.11167	   6.45592	   0.01834	  13.44311
   709	   6.10985	   6.45592	   0.12347	  13.44311
   710	   6.37178	   6.45592	   0.13285	  13.44311
   711	   6.16967	   6.45592	   0.16507	  13.44311
   712	   6.29115	   6.45592	   0.11971	  13.44311
   713	   6.15453	   6.45592	   0.03980	  13.44311
   714	   6.26497	   6.45592	   0.16817	  13.44311
   715	   6.10503	   6.45592	   0.06007	  13.44311
   716	   6.16500	   6.45592	   0.18965	  13.44311
   717	   6.28020	   6.45592	   0.02050	  13.44311
   718	   6.15521	   6.45592	   0.03729	  13.44311
   719	   6.33803	   6.45592	   0.05068	  13.44311
   720	   6.80356	   6.68666	   0.35717	  13.44311
   721	   6.26181	   6.45592	   0.12706	  13.44311
   722	   6.37245	   6.68666	   0.07286	  13.44311
   723	   6.31659	   6.45592	   0.16452	  13.44311
   724	   6.31555	   6.45592	   0.02322	  13.44311
   725	   6.69234	   6.68666	   0.19220	  13.44311
   726	   6.25463	   6.45592	   0.06570	  13.44311
   727	   6.43667	   6.45592	   0.13293	  13.44311
   728	   6.07382	   6.45592	   0.02444	  13.44311
   729	   6.09049	   6.45592	   0.13499	  13.44311
   730	   6.26269	   6.45592	   0.01610	  13.44311
   731	   7.05977	   6.94768	   0.42216	  13.44311
   732	   6.08992	   6.68666	   0.00634	  13.44311
   733	   7.23267	   7.42785	   0.40622	  13.44311
   734	   6.15800	   6.45592	   0.01905	  13.44311
   735	   6.06790	   6.45592	   0.01879	  13.44311
   736	   6.13952	   6.45592	   0.11920	  13.44311
   737	   6.41789	   6.45592	   0.26697	  13.44311
   738	   6.21066	   6.45592	   0.04714	  13.44311
   739	   6.50641	   6.45393	   0.39820	  13.44311
   740	   6.00293	   6.45393	   0.05890	  13.44311
   741	   5.43338	   5.39538	   0.04624	  11.90925
   742	   4.01299	   0.88917	   0.09296	  11.56263
   743	   1.34323	   0.48226	   0.36118	   6.09636
   744	   1.01971	   0.48226	   0.11582	   3.42158
   745	   0.56256	   0.45527	   0.03915	   1.70000
   746	   0.41043	   0.43722	   0.11691	   0.56732
   747	   0.41983	   0.44407	   0.04903	   0.69603
   748	   0.52049	   0.45851	   0.12096	   1.30946
   749	   0.41228	   0.44428	   0.04624	   0.58218
   750	   0.39862	   0.43722	   0.00615	   0.56732
   751	   0.59554	   0.48022	   0.24988	   1.54591
   752	   0.57390	   0.47862	   0.12031	   1.59675
   753	   0.66231	   0.48226	   0.36118	   1.66528
   754	   0.43887	   0.44047	   0.03879	   0.66424
   755	   0.49556	   0.45062	   0.09395	   1.09032
   756	   0.46689	   0.44890	   0.10713	   0.86332
   757	   0.64578	   0.47535	   0.25344	   2.64587
   758	   0.67210	   0.46968	   0.04447	   2.73838
   759	   0.61205	   0.47036	   0.09912	   1.67365
   760	   0.56219	   0.47036	   0.09751	   1.63378
   761	   0.48123	   0.44890	   0.04624	   1.01430
   762	   0.60907	   0.46968	   0.07230	   2.32176
   763	   0.52805	   0.45356	   0.10707	   1.53036
   764	   0.81413	   0.48028	   0.07795	   3.71790
   765	   0.65268	   0.48028	   0.11760	   1.93895
   766	   0.53375	   0.45848	   0.04639	   1.72614
   767	   0.69275	   0.47862	   0.14405	   3.15374
   768	   0.39098	   0.43331	   0.09182	   0.56585
   769	   0.41260	   0.43722	   0.15969	   0.56585
   770	   0.44069	   0.44428	   0.06679	   0.92306
   771	   0.43131	   0.44890	   0.07748	   0.68438
   772	   0.49157	   0.47300	   0.27968	   0.66061
   773	   0.43714	   0.44345	   0.02527	   0.98611
   774	   0.47707	   0.44890	   0.04286	   1.27217
   775	   0.57891	   0.47862	   0.10910	   1.57624
   776	   0.40857	   0.44150	   0.01792	   0.59577
   777	   0.48954	   0.45851	   0.04624	   0.88862
   778	   0.49765	   0.46046	   0.02688	   1.29268
   779	   0.44461	   0.44345	   0.12838	   0.59577
   780	   0.42583	   0.44345	   0.05668	   0.76284
   781	   0.61736	   0.46968	   0.24130	   2.02251
   782	   0.49829	   0.44890	   0.02646	   2.05132
   783	   0.47735	   0.46046	   0.04624	   0.90996
   784	   0.43048	   0.44407	   0.10779	   0.65857
   785	   0.47535	   0.45848	   0.02418	   1.19327
   786	   0.63844	   0.48212	   0.27939	   1.82618
   787	   0.41701	   0.43765	   0.04624	   0.59577
   788	   0.55831	   0.46551	   0.29133	   1.39719
   789	   0.45646	   0.44648	   0.15402	   0.76490
   790	   0.58628	   0.46968	   0.11633	   1.74135
   791	   0.62985	   0.48028	   0.14769	   1.90770
   792	   0.47908	   0.44648	   0.02592	   1.09515
   793	   0.51971	   0.44345	   0.01041	   2.25206
   794	   0.52858	   0.45062	   0.05546	   1.36192
   795	   0.73741	   0.48022	   0.18059	   2.60603
   796	   0.47216	   0.46968	   0.09322	   0.88289
   797	   0.70829	   0.44407	   0.03842	   2.89127
   798	   0.95972	   0.45848	   0.02567	   3.09180
   799	   1.70436	   2.09902	   0.37277	   3.53644
   800	   1.76063	   2.42471	   0.15100	   3.19864
   801	   2.44574	   2.66023	   0.25571	   3.30315
   802	   2.03091	   2.59625	   0.02135	   3.20201
   803	   2.02436	   2.61179	   0.00409	   3.20201
   804	   3.11469	   2.73984	   1.04063	   7.75161
   805	   2.42841	   2.66895	   0.03134	   3.60539
   806	   2.31918	   2.65886	   0.00774	   4.06483
   807	   2.32855	   2.61557	   0.06952	   3.25198
   808	   2.79218	   2.66542	   0.24434	   5.37206
   809	   2.16115	   2.61179	   0.05452	   3.20201
   810	   2.48529	   2.66542	   0.07800	   3.60842
   811	   2.31736	   2.61989	   0.26517	   3.30315
   812	   2.28610	   2.61989	   0.01820	   3.44042
   813	   2.47423	   2.65886	   0.15600	   4.78506
   814	   2.84737	   2.69034	   0.15739	   6.47555
   815	   2.10633	   2.59625	   0.04464	   3.20201
   816	   2.40390	   2.64380	   0.30322	   3.39128
   817	   2.09439	   2.59625	   0.04389	   3.20201
   818	   2.20415	   2.59625	   0.24729	   3.20201
   819	   2.27259	   2.64380	   0.10859	   3.25198
   820	   2.05760	   2.59625	   0.00667	   3.20201
   821	   2.18115	   2.59625	   0.14710	   3.20201
   822	   2.04744	   2.59625	   0.03781	   3.20201
   823	   2.16887	   2.61179	   0.02490	   3.20201
   824	   2.43506	   2.64380	   0.29385	   3.44042
   825	   2.12476	   2.59625	   0.05902	   3.20201
   826	   2.30074	   2.64380	   0.16168	   3.20201
   827	   2.48438	   2.62366	   0.46618	   4.65736
   828	   2.64555	   2.67092	   0.05641	   4.77586
   829	   2.46954	   2.64380	   0.60318	   3.30315
   830	   2.19683	   2.61179	   0.06205	   3.25198
   831	   2.58974	   2.66895	   0.13904	   6.23799
   832	   3.15790	   2.73451	   0.24651	   8.86575
   833	   2.20726	   2.61179	   0.09550	   3.20201
   834	   2.05369	   2.61179	   0.02509	   3.20201
   835	   2.27037	   2.61989	   0.05683	   3.20201
   836	   2.10156	   2.61179	   0.00945	   3.30315
   837	   2.38747	   2.61989	   0.20348	   3.30315
   838	   2.70744	   2.69034	   0.13473	   4.33435
   839	   1.82999	   2.43249	   0.04598	   3.18313
   840	   1.27820	   0.70870	   0.10872	   2.99465
   841	   0.53522	   0.13711	   0.10562	   2.61989
   842	   0.36375	   0.13296	   0.08391	   2.49920
   843	   0.20038	   0.12823	   0.00168	   0.48783
   844	   0.41740	   0.13084	   0.03358	   2.59092
   845	   0.24421	   0.12949	   0.00770	   1.06527
   846	   0.41797	   0.13332	   0.05884	   2.65886
   847	   0.23718	   0.13086	   0.06128	   1.25325
   848	   0.32656	   0.13296	   0.04598	   1.60597
   849	   0.54077	   0.13364	   0.10403	   2.37415
   850	   0.25798	   0.12890	   0.04598	   1.25708
   851	   0.44683	   0.13193	   0.10403	   3.30042
   852	   0.29122	   0.13238	   0.05453	   1.19437
   853	   0.22779	   0.13193	   0.04971	   0.98413
   854	   0.22551	   0.13086	   0.08267	   1.19316
   855	   0.18409	   0.12822	   0.02191	   0.93136
   856	   0.10324	   0.12286	   0.00322	   0.14695
   857	   0.10778	   0.12277	   0.02142	   0.14636
   858	   0.16716	   0.13315	   0.10248	   0.45652
   859	   0.14860	   0.12765	   0.02353	   0.45060
   860	   0.16160	   0.12822	   0.00947	   0.68704
   861	   0.18415	   0.13084	   0.07818	   0.63023
   862	   0.35195	   0.13364	   0.10403	   1.85329
   863	   0.31877	   0.13193	   0.06652	   1.41960
   864	   0.56585	   0.13315	   0.04130	   4.77727
   865	   0.13736	   0.12765	   0.02869	   0.26990
   866	   0.15416	   0.12949	   0.03812	   0.46056
   867	   0.36158	   0.13364	   0.10248	   1.68411
   868	   0.44857	   0.13364	   0.10248	   3.57655
   869	   0.17326	   0.13193	   0.05189	   0.62906
   870	   0.62496	   0.13473	   0.10562	   3.15124
   871	   0.38509	   0.13315	   0.02658	   2.10542
   872	   0.20967	   0.12876	   0.03622	   0.69486
   873	   0.23443	   0.13315	   0.08713	   0.76498
   874	   0.21132	   0.13315	   0.04214	   0.68194
   875	   0.22194	   0.13296	   0.04286	   0.69629
   876	   0.53732	   0.13395	   0.05357	   2.77709
   877	   0.35469	   0.13430	   0.05526	   1.69342
   878	   0.32338	   0.13332	   0.03305	   1.46344
   879	   0.48986	   0.13541	   0.10403	   2.47118
   880	   0.37129	   0.13504	   0.05375	   1.63341
   881	   0.32364	   0.13430	   0.03282	   1.44869
   882	   0.90215	   0.14037	   0.10248	   5.00605
   883	   0.33062	   0.13430	   0.01435	   0.73934
   884	   0.32698	   0.14636	   0.00988	   0.69629
   885	   0.43107	   0.60733	   0.00536	   1.14649
   886	   0.47989	   0.41858	   0.10248	   1.38748
   887	   0.43892	   0.61535	   0.09459	   0.72781
   888	   0.45474	   0.60733	   0.04923	   0.95042
   889	   0.59550	   0.64080	   0.10403	   1.37823
   890	   0.78952	   0.64080	   0.03459	   4.51176
   891	   0.38009	   0.32618	   0.00136	   0.69948
   892	   0.41514	   0.62136	   0.01001	   0.69948
   893	   0.72534	   0.65666	   0.06677	   2.23590
   894	   0.63794	   0.65231	   0.10248	   1.37814
   895	   0.63200	   0.65497	   0.10711	   1.45894
   896	   0.80787	   0.66288	   0.05983	   1.87468
   897	   0.51006	   0.64501	   0.02139	   0.71122
   898	   0.97002	   0.66288	   0.08132	   3.94540
   899	   1.12557	   0.67220	   0.60425	   4.99924
   900	   0.53070	   0.64656	   0.01247	   0.71943
   901	   0.66065	   0.65666	   0.03145	   1.51042
   902	   0.73569	   0.65908	   0.18637	   2.28630
   903	   0.53203	   0.64828	   0.00194	   0.73934
   904	   0.56215	   0.64829	   0.11347	   0.91704
   905	   0.86427	   0.66147	   0.35447	   3.31624
   906	   0.55810	   0.64828	   0.03517	   0.71943
   907	   0.60054	   0.65231	   0.00788	   0.99501
   908	   0.72958	   0.66100	   0.06321	   1.61911
   909	   0.60214	   0.65231	   0.07386	   0.79246
   910	   0.71617	   0.65682	   0.10959	   2.45897
   911	   0.72295	   0.66147	   0.05012	   1.89933
   912	   0.85732	   0.66614	   0.06727	   2.62767
   913	   0.70329	   0.65853	   0.04441	   1.79733
   914	   0.57262	   0.64655	   0.12194	   0.71122
   915	   0.57258	   0.64656	   0.11062	   0.71943
   916	   0.72696	   0.65908	   0.03492	   1.73156
   917	   0.92982	   0.66550	   0.40092	   2.89003
   918	   0.51390	   0.64655	   0.00532	   0.70743
   919	   0.72124	   0.65682	   0.11862	   2.46590
   920	   0.66054	   0.65497	   0.35463	   1.08306
   921	   0.97086	   0.67172	   0.21974	   2.74370
   922	   0.56861	   0.64828	   0.07252	   0.73934
   923	   0.61665	   0.65666	   0.06085	   1.30265
   924	   0.58848	   0.65396	   0.00374	   0.97634
   925	   0.60925	   0.64896	   0.01832	   0.95606
   926	   0.54122	   0.64501	   0.04598	   0.70743
   927	   0.68389	   0.66080	   0.40124	   1.35186
   928	   0.54431	   0.64501	   0.03790	   0.70743
   929	   0.58874	   0.64828	   0.09477	   0.71122
   930	   0.80831	   0.66147	   0.08934	   3.17285
   931	   0.61588	   0.64828	   0.17471	   0.73704
   932	   0.55568	   0.64656	   0.05699	   0.71943
   933	   0.61237	   0.65497	   0.06609	   0.88768
   934	   0.65177	   0.65396	   0.02142	   1.53024
   935	   0.65608	   0.65682	   0.18972	   1.02581
   936	   0.69049	   0.65682	   0.11382	   1.64193
   937	   0.65706	   0.65666	   0.02094	   1.52458
   938	   0.95043	   0.66288	   0.13645	   4.11567
   939	   0.74119	   0.65682	   0.05295	   2.95237
   940	   0.58381	   0.65497	   0.00595	   1.02260
   941	   0.99810	   0.66876	   0.09244	   4.12283
   942	   0.66214	   0.65682	   0.02926	   1.86708
   943	   0.71965	   0.65871	   0.10775	   1.79198
   944	   0.58650	   0.65231	   0.04633	   0.86672
   945	   0.64217	   0.65231	   0.00511	   1.78956
   946	   0.58562	   0.64828	   0.13058	   0.73934
   947	   0.50848	   0.64586	   0.02080	   0.71122
   948	   0.55981	   0.64586	   0.07994	   0.71122
   949	   0.59546	   0.64828	   0.14474	   0.73934
   950	   0.74651	   0.66550	   0.37191	   1.48488
   951	   0.60973	   0.65396	   0.10405	   1.25131
   952	   0.60609	   0.64896	   0.13359	   0.95624
   953	   0.59153	   0.65231	   0.06872	   0.75668
   954	   0.52623	   0.64501	   0.01028	   0.70743
   955	   0.63275	   0.66080	   0.02524	   0.99901
   956	   0.60139	   0.65396	   0.10819	   0.86874
   957	   0.52383	   0.64501	   0.04002	   0.70743
   958	   0.58684	   0.64829	   0.09432	   0.77008
   959	   0.63150	   0.65871	   0.13613	   0.84182
   960	   0.65192	   0.65666	   0.03365	   1.70324
   961	   0.59404	   0.64896	   0.08680	   0.87271
   962	   0.64715	   0.65666	   0.08483	   1.14297
   963	   0.58575	   0.64829	   0.11798	   0.73934
   964	   0.89269	   0.66614	   0.33030	   3.08190
   965	   0.66627	   0.65682	   0.09664	   1.51540
   966	   0.79692	   0.66147	   0.30046	   2.24753
   967	   0.63035	   0.65682	   0.09491	   1.03841
   968	   0.68961	   0.65853	   0.06998	   1.25947
   969	   0.67742	   0.65682	   0.18351	   2.14138
   970	   0.53068	   0.64586	   0.05373	   0.71122
   971	   0.73476	   0.66100	   0.09284	   1.46163
   972	   0.70242	   0.65908	   0.10875	   2.07298
   973	   0.64355	   0.65871	   0.07588	   0.94493
   974	   0.55298	   0.64828	   0.03132	   0.71943
   975	   0.60372	   0.65396	   0.08878	   0.89943
   976	   0.55910	   0.64896	   0.02618	   0.79888
   977	   0.60672	   0.64896	   0.09728	   0.93137
   978	   0.73818	   0.66080	   0.08274	   1.93352
   979	   0.69078	   0.65908	   0.06201	   1.64284
   980	   0.58383	   0.64829	   0.08912	   0.85369
   981	   0.54587	   0.64828	   0.01327	   0.73934
   982	   0.54618	   0.64656	   0.02704	   0.71122
   983	   0.57774	   0.64586	   0.04624	   0.71122
   984	   0.50754	   0.64501	   0.00925	   0.70743
   985	   0.62059	   0.65396	   0.04112	   1.14532
   986	   0.74185	   0.65871	   0.09208	   1.77668
   987	   0.86039	   0.66614	   0.32086	   1.98412
   988	   0.66242	   0.65666	   0.07118	   1.77668
   989	   0.69951	   0.65853	   0.05978	   1.79019
   990	   0.60983	   0.64829	   0.13633	   0.73934
   991	   0.56674	   0.64828	   0.02457	   0.73934
   992	   0.60489	   0.65231	   0.06124	   1.44980
   993	   0.67627	   0.65908	   0.36245	   1.05993
   994	   0.76545	   0.65908	   0.22312	   1.45634
   995	   0.73122	   0.66133	   0.16712	   2.09984
   996	   0.56971	   0.64586	   0.04446	   0.70743
   997	   0.56342	   0.65231	   0.01059	   0.73934
   998	   0.62408	   0.65497	   0.12449	   1.02008
   999	   0.80734	   0.66100	   0.05631	   2.13138
  1000	   0.59653	   0.65666	   0.07642	   0.86046
  1001	   0.63524	   0.65666	   0.03728	   1.05707
  1002	   0.57233	   0.64829	   0.02303	   0.73934
  1003	   0.76184	   0.66614	   0.51616	   1.78632
  1004	   0.72711	   0.65908	   0.03859	   2.26896
  1005	   0.61260	   0.64896	   0.10945	   0.73934
  1006	   0.78416	   0.65871	   0.16748	   1.94303
  1007	   0.49328	   0.64501	   0.00856	   0.70743
  1008	   0.73075	   0.66080	   0.07692	   2.39762
  1009	   0.76351	   0.66100	   0.20301	   1.98318
  1010	   0.88824	   0.66288	   0.19638	   3.03401
  1011	   0.53653	   0.64586	   0.05115	   0.71122
  1012	   0.69189	   0.65871	   0.18205	   1.68435
  1013	   0.54588	   0.64828	   0.02426	   0.71943
  1014	   0.90339	   0.67220	   0.59889	   2.43368
  1015	   0.79724	   0.65682	   0.07826	   3.76599
  1016	   0.60643	   0.64896	   0.05932	   0.87292
  1017	   0.88287	   0.66614	   0.27012	   2.44710
  1018	   0.53340	   0.64828	   0.00712	   0.73934
  1019	   0.80689	   0.66614	   0.11836	   2.38403
  1020	   0.65763	   0.65682	   0.00987	   1.37889
  1021	   0.66878	   0.65666	   0.10326	   1.54594
  1022	   0.66742	   0.65666	   0.07581	   1.53882
  1023	   0.64956	   0.65666	   0.13132	   1.22563
  1024	   0.57597	   0.64896	   0.05871	   0.73934
  1025	   0.50740	   0.64501	   0.03359	   0.70743
  1026	   0.49282	   0.64501	   0.00471	   0.70743
  1027	   0.58911	   0.64656	   0.12635	   0.71943
  1028	   0.53603	   0.64501	   0.04660	   0.70743
  1029	   0.67933	   0.65853	   0.25489	   1.19485
  1030	   0.59935	   0.65396	   0.06667	   1.07636
  1031	   0.53615	   0.64828	   0.00484	   0.71943
  1032	   0.84426	   0.66876	   0.54951	   2.33210
  1033	   1.05617	   0.66904	   0.34759	   4.03408
  1034	   0.67065	   0.65396	   0.01957	   1.85589
  1035	   0.87873	   0.66909	   0.09854	   2.59322
  1036	   0.61132	   0.64896	   0.05525	   1.07012
  1037	   0.88764	   0.66550	   0.05058	   2.73472
  1038	   0.98806	   0.66614	   0.02389	   3.34764
  1039	   0.52616	   0.64720	   0.02343	   0.71943
  1040	   0.87651	   0.65908	   0.08081	   4.65755
  1041	   0.49112	   0.64586	   0.00081	   0.70743
  1042	   0.79300	   0.66147	   0.08393	   2.38540
  1043	   0.73042	   0.65853	   0.04624	   2.51192
  1044	   0.62593	   0.65396	   0.07162	   0.93651
  1045	   0.56403	   0.64828	   0.04512	   0.73934
  1046	   0.51831	   0.64501	   0.01644	   0.70743
  1047	   0.51549	   0.64586	   0.01316	   0.71122
  1048	   1.04711	   0.66876	   0.08635	   3.54305
  1049	   0.64489	   0.65682	   0.08240	   1.33247
  1050	   0.58158	   0.65231	   0.05083	   0.73934
  1051	   0.81736	   0.66550	   0.16242	   2.02183
  1052	   0.54502	   0.64656	   0.02045	   0.71943
  1053	   0.68005	   0.65908	   0.25642	   1.23900
  1054	   0.95586	   0.66876	   0.31215	   3.61032
  1055	   0.91733	   0.66133	   0.16587	   2.99433
  1056	   0.96996	   0.66147	   0.16587	   3.89961
  1057	   0.53622	   0.64896	   0.00572	   0.81475
  1058	   0.52951	   0.64501	   0.05290	   0.70743
  1059	   0.50943	   0.64501	   0.00678	   0.70743
  1060	   0.56213	   0.64829	   0.04799	   0.74609
  1061	   0.50227	   0.64501	   0.01595	   0.70743
  1062	   0.81462	   0.66147	   0.13659	   2.58542
  1063	   0.63713	   0.65871	   0.04624	   1.13741
  1064	   0.57744	   0.64829	   0.00883	   0.80760
  1065	   0.51953	   0.64501	   0.03132	   0.70743
  1066	   0.62163	   0.65231	   0.04261	   1.04662
  1067	   0.61526	   0.65396	   0.03281	   1.17914
  1068	   0.64333	   0.65231	   0.02149	   0.85402
  1069	   0.53191	   0.64586	   0.01034	   0.70743
  1070	   0.52081	   0.64586	   0.00427	   0.70743
  1071	   0.67540	   0.65930	   0.05017	   1.58009
  1072	   0.53682	   0.64828	   0.01976	   0.71943
  1073	   0.54715	   0.64501	   0.04624	   0.70743
  1074	   0.67073	   0.65682	   0.04217	   1.29854
  1075	   0.90292	   0.65908	   0.06624	   3.60664
  1076	   0.59497	   0.65231	   0.05323	   0.98598
  1077	   0.89631	   0.66550	   0.16332	   3.24372
  1078	   0.52977	   0.64656	   0.03786	   0.71122
  1079	   0.98782	   0.67172	   0.19070	   3.11971
  1080	   0.53531	   0.64586	   0.04624	   0.71122
  1081	   0.74545	   0.66550	   0.27893	   1.24612
  1082	   0.81002	   0.65871	   0.10683	   4.07509
  1083	   0.57341	   0.64896	   0.02873	   0.93001
  1084	   0.53098	   0.64656	   0.04188	   0.71943
  1085	   0.71560	   0.65682	   0.03164	   2.59757
  1086	   0.66204	   0.65853	   0.09980	   1.46045
  1087	   0.50556	   0.64586	   0.01072	   0.71122
  1088	   0.78024	   0.66288	   0.15368	   2.06165
  1089	   0.66627	   0.65853	   0.15368	   1.20071
  1090	   0.54781	   0.64501	   0.04852	   0.70743
  1091	   0.57199	   0.64828	   0.10202	   0.71943
  1092	   0.54746	   0.64501	   0.09775	   0.70743
  1093	   0.58415	   0.64501	   0.18427	   0.70743
  1094	   0.51140	   0.64501	   0.02817	   0.70743
  1095	   0.58967	   0.65212	   0.06676	   0.73934
  1096	   0.66475	   0.65666	   0.18277	   1.45548
  1097	   0.50232	   0.64501	   0.00983	   0.70743
  1098	   0.68172	   0.65497	   0.07078	   2.19487
  1099	   0.72528	   0.65908	   0.16935	   1.60682
  1100	   0.49235	   0.64501	   0.01035	   0.70743
  1101	   0.71827	   0.66147	   0.24031	   1.43017
  1102	   0.80558	   0.65871	   0.02554	   3.04844
  1103	   0.69869	   0.66080	   0.24218	   1.57383
  1104	   0.84850	   0.66550	   0.10643	   3.64714
  1105	   0.65456	   0.65871	   0.01994	   1.62171
  1106	   0.55613	   0.64828	   0.01795	   0.71943
  1107	   0.67990	   0.65908	   0.15203	   1.68153
  1108	   0.88148	   0.66876	   0.18632	   2.83058
  1109	   0.66360	   0.65497	   0.13897	   1.85389