
Sliding windows analysis - rho for total gene = 0.04624 per bp/kb

SNP_L	 SNP_R	 #SNPs	4Ner/bp/kb	 CLR	  Tajima's D

     63.03	      0.00	   0	  -0.00000	      0.00	      -nan
     63.03	      0.00	   0	  -0.00000	      0.00	      -nan
     63.03	      0.00	   0	  -0.00000	      0.00	      -nan
     69.58	     63.76	   0	  -6.87049	     10.84	      -nan
     92.33	     83.18	   0	  -2.73015	    120.11	      -nan
    111.87	    108.03	   0	  -6.24512	    336.09	      -nan
    132.08	    132.75	   2	  34.07407	    425.01	    -1.011
    153.26	    153.42	   3	 123.45679	    635.18	    -0.407
    180.00	    174.13	   0	  -3.06487	    705.21	      -nan
    198.18 -     198.18 : no data
    221.30	    217.80	   0	  -4.28082	    876.73	      -nan
    245.20	    234.82	   0	  -1.15663	   1176.65	      -nan
    262.52 -     262.52 : no data
    284.50 -     284.50 : no data
    312.05	    302.25	   0	  -1.32653	   1347.38	      -nan
    329.21	    329.21	   2	2166.66667	   1356.20	    -0.055
    350.78	    351.01	   3	  56.52174	   1437.00	     0.586
    372.08	    372.13	   3	 276.59574	   1560.49	     2.157
    394.37	    394.64	   2	  47.97048	   1658.73	    -1.464
    418.88	    412.08	   0	  -1.76497	   1788.09	      -nan
    437.49	    437.94	   2	  26.54867	   1810.97	    -1.024
    459.79 -     459.79 : no data
    481.33 -     481.33 : no data
    506.29	    500.87	   0	  -1.84638	   1977.32	      -nan
    529.42	    522.30	   0	  -1.40449	   1927.02	      -nan
    547.47 -     547.47 : no data
    571.30	    561.37	   0	  -0.90680	   1936.93	      -nan
    591.12 -     591.12 : no data
    614.88	    607.98	   0	  -1.30378	   1953.46	      -nan
    633.43 -     633.43 : no data
    655.92 -     655.92 : no data
    679.48	    670.47	   0	  -0.88731	   2041.58	      -nan
    701.15	    698.12	   0	  -2.64288	   2134.33	      -nan
    721.35 -     721.35 : no data
    742.80	    742.93	   2	  62.01550	   2321.12	    -1.464
    785.08	    763.63	   0	  -0.23310	   2521.19	      -nan
    786.22 -     786.22 : no data
    809.40 -     809.40 : no data
    831.24 -     831.24 : no data
    852.77	    853.17	   2	  10.23018	   2757.75	     0.362
    877.94	    869.68	   0	  -0.36315	   2799.76	      -nan
    895.05	    895.41	   2	   8.15217	   2902.89	     2.058
    920.62	    916.04	   0	  -0.43582	   2892.01	      -nan
    944.48	    938.34	   0	  -0.32605	   2970.16	      -nan
    966.56	    956.08	   0	  -0.19086	   2941.33	      -nan
    982.77	    983.38	   2	   3.28407	   2954.61	    -0.871
   1008.55	   1003.75	   0	  -0.41675	   2826.16	      -nan
   1032.27	   1020.47	   0	  -0.08474	   2911.65	      -nan
   1048.05	   1049.13	   2	   1.85185	   2953.92	    -1.311
   1070.76 -    1070.76 : no data
   1091.73 -    1091.73 : no data
   1114.49 -    1114.49 : no data
   1135.53	   1136.61	   2	   0.92678	   2713.01	    -1.464
   1156.85 -    1156.85 : no data
   1181.81	   1177.72	   0	  -0.00000	   2758.72	      -nan
   1205.03	   1191.36	   0	  -0.00000	   2705.41	      -nan
   1224.15 -    1224.15 : no data
   1247.97	   1242.83	   0	  -0.00000	   2707.85	      -nan
   1273.65	   1265.47	   0	  -0.00000	   2740.94	      -nan
   1289.21 -    1289.21 : no data
   1322.68	   1303.30	   0	  -0.00000	   2733.29	      -nan
   1332.98 -    1332.98 : no data
   1361.81	   1352.24	   0	  -0.10447	   2653.44	      -nan
   1378.72	   1370.20	   0	  -0.00000	   2739.52	      -nan
   1396.98	   1398.67	   5	   1.18413	   2623.99	    -1.286
   1418.94 -    1418.94 : no data
   1445.20	   1440.20	   0	  -0.39976	   2409.52	      -nan
   1463.86 -    1463.86 : no data
   1484.76	   1484.80	   2	 114.28571	   2323.86	     0.590
   1515.36	   1501.32	   0	  -0.28492	   2278.97	      -nan
   1530.72	   1526.56	   0	  -1.20106	   2207.07	      -nan
   1550.41	   1551.40	   2	   6.04839	   2165.29	    -0.724
   1579.49	   1569.71	   0	  -0.61362	   2155.89	      -nan
   1595.42	   1592.95	   0	  -2.82828	   2146.87	      -nan
   1615.35	   1616.22	   3	   9.15332	   2084.02	    -0.973
   1637.25	   1637.65	   3	  20.15113	   2044.39	    -1.134
   1660.67 -    1660.67 : no data
   1681.29	   1681.41	   2	  73.77049	   1684.82	    -0.610
   1747.04	   1688.39	   0	  -0.11936	   1702.31	      -nan
   1747.04	   1688.39	   0	  -0.11936	   1702.31	      -nan
   1747.04	   1747.89	   2	  11.66861	   1700.25	    -1.464
   1772.01	   1767.01	   0	  -1.80144	   1619.79	      -nan
   1790.88	   1791.29	   2	  23.86635	   1563.68	    -1.024
   1813.76	   1806.04	   0	  -1.29483	   1406.21	      -nan
   1834.36	   1834.46	   3	 102.04082	   1458.83	    -0.308
   1860.04	   1848.82	   0	  -0.89150	   1460.97	      -nan
   1881.44	   1868.90	   0	  -0.79751	   1360.56	      -nan
   1900.66 -    1900.66 : no data
   1928.19	   1918.75	   0	  -1.16562	   1034.83	      -nan
   1945.16	   1934.74	   0	  -1.05607	    966.38	      -nan
   1965.72 -    1965.72 : no data
   1989.60	   1982.47	   0	  -1.54408	    824.99	      -nan
   2009.10 -    2009.10 : no data
   2030.11	   2030.69	   2	  22.14651	    713.37	    -1.464
   2052.55 -    2052.55 : no data
   2073.49	   2073.60	   2	 111.11111	    710.82	    -1.164
   2097.41	   2092.97	   0	  -2.47748	    623.91	      -nan
   2117.93	   2118.78	   4	  15.42112	    248.45	    -0.848
   2139.83	   2140.53	   2	  21.42857	    107.04	     0.173
   2162.66	   2155.95	   0	 -14.89425	      0.00	      -nan
