Loci	Mean_rho	Median	L95	U95
     0	1061.96052	1078.68428	 480.34530	1188.54118
     1	   0.75640	   0.89606	   0.02230	   1.09192
     2	   0.72328	   0.89606	   0.03854	   1.09192
     3	   0.79889	   0.90377	   0.10898	   1.18786
     4	   0.78126	   0.90428	   0.03356	   1.13454
     5	   0.89838	   0.92105	   0.09412	   1.96278
     6	   1.00144	   0.93398	   0.17199	   2.61970
     7	   0.77500	   0.90428	   0.04134	   1.25176
     8	   0.98925	   0.92957	   0.11330	   2.26633
     9	   1.11046	   0.94269	   0.33843	   2.52603
    10	   0.87696	   0.91543	   0.04624	   1.46544
    11	   1.09584	   0.94689	   0.21220	   2.99730
    12	   1.06325	   0.92746	   0.11381	   2.87865
    13	   0.81466	   0.90428	   0.05466	   1.40383
    14	   0.84033	   0.91543	   0.06705	   1.56248
    15	   0.73304	   0.89606	   0.01392	   1.09192
    16	   0.93834	   0.92105	   0.15380	   1.56654
    17	   1.02892	   0.94211	   0.15242	   1.83994
    18	   0.97462	   0.93398	   0.22474	   1.90939
    19	   0.86939	   0.92421	   0.06842	   1.30662
    20	   0.73888	   0.90245	   0.02560	   1.13454
    21	   0.78319	   0.90236	   0.04691	   1.13454
    22	   0.93472	   0.92957	   0.29079	   1.49278
    23	   1.16321	   0.94208	   0.06624	   3.57776
    24	   0.89125	   0.92105	   0.15442	   1.35650
    25	   0.86817	   0.91560	   0.06753	   1.65356
    26	   0.83617	   0.90377	   0.22432	   1.18133
    27	   0.83244	   0.91998	   0.05566	   1.35245
    28	   0.91019	   0.91998	   0.33503	   1.74320
    29	   0.70860	   0.89606	   0.01320	   1.09192
    30	   0.85662	   0.91560	   0.12489	   1.25392
    31	   0.93679	   0.92303	   0.16456	   2.36866
    32	   1.02112	   0.93398	   0.32758	   2.54433
    33	   1.17647	   0.92746	   0.19965	   3.75892
    34	   0.74947	   0.89606	   0.06791	   1.09192
    35	   1.05886	   0.94689	   0.16622	   1.92733
    36	   1.49706	   0.94208	   0.01860	   6.72807
    37	   1.89216	   0.95910	   0.08177	   7.97362
    38	   2.34952	   0.96665	   0.02947	   8.66449
    39	   2.24184	   0.95910	   0.04624	   8.66449
    40	   2.75007	   1.05630	   0.18649	   8.73418
    41	   2.59499	   0.96827	   0.35290	   8.73446
    42	   2.81807	   0.98570	   0.03050	   8.73446
    43	   3.34390	   1.05630	   0.02876	   9.10588
    44	   2.36429	   0.96057	   0.08425	   8.73418
    45	   1.87513	   0.92957	   0.02466	   8.43575
    46	   1.89548	   0.92746	   0.05467	   8.43575
    47	   1.91525	   0.94127	   0.02385	   8.43575
    48	   1.89784	   0.94211	   0.27341	   7.97362
    49	   1.44197	   0.93398	   0.28608	   4.57487
    50	   1.10283	   0.89606	   0.04490	   3.68591
    51	   1.10114	   0.88049	   0.20798	   4.56262
    52	   0.79949	   0.83170	   0.04073	   1.88908
    53	   0.88280	   0.88571	   0.11792	   1.91986
    54	   1.07638	   0.88571	   0.24433	   3.97214
    55	   0.75395	   0.80584	   0.04624	   1.57778
    56	   0.65058	   0.74051	   0.05603	   1.00115
    57	   0.64331	   0.74051	   0.03886	   1.00115
    58	   0.67439	   0.74051	   0.05103	   1.00115
    59	   0.86622	   0.86510	   0.30626	   1.65824
    60	   0.72310	   0.76569	   0.06731	   1.02363
    61	   0.93575	   0.88049	   0.28102	   2.20517
    62	   0.66368	   0.74051	   0.01503	   1.00115
    63	   0.67163	   0.76146	   0.01620	   1.02049
    64	   0.70683	   0.76569	   0.05519	   1.02049
    65	   0.69403	   0.76146	   0.01527	   1.04751
    66	   0.63789	   0.74051	   0.00588	   1.00115
    67	   0.85139	   0.87459	   0.01139	   1.75246
    68	   0.80054	   0.81849	   0.20693	   1.05630
    69	   1.15580	   0.90245	   0.14296	   3.46546
    70	   0.84831	   0.87459	   0.23244	   1.59046
    71	   0.85170	   0.86566	   0.18796	   1.89917
    72	   0.77340	   0.79970	   0.05577	   1.50446
    73	   0.79158	   0.83224	   0.07941	   1.49244
    74	   0.84058	   0.87459	   0.31348	   1.50446
    75	   1.40667	   0.91998	   0.58803	   4.93938
    76	   0.88377	   0.87459	   0.45322	   1.78146
    77	   0.74380	   0.76189	   0.04998	   1.05630
    78	   0.73702	   0.77177	   0.02134	   1.11580
    79	   0.68075	   0.74953	   0.07094	   1.01932
    80	   0.76329	   0.79970	   0.05028	   1.63359
    81	   0.76560	   0.76569	   0.11060	   1.06891
    82	   0.69644	   0.74953	   0.06645	   1.00115
    83	   0.78854	   0.79970	   0.06460	   1.88633
    84	   0.84590	   0.82217	   0.11211	   1.33856
    85	   0.66747	   0.74903	   0.04624	   1.02049
    86	   0.80549	   0.86510	   0.07009	   1.49808
    87	   0.77788	   0.77177	   0.13268	   1.02643
    88	   1.04738	   0.88450	   0.02986	   3.88293
    89	   0.77231	   0.78250	   0.05754	   1.05630
    90	   0.65465	   0.74953	   0.02469	   1.02049
    91	   0.79181	   0.86566	   0.05883	   1.31425
    92	   0.86745	   0.87903	   0.24223	   1.65203
    93	   0.76323	   0.77177	   0.11700	   1.18954
    94	   0.84334	   0.86162	   0.26059	   1.68264
    95	   0.88850	   0.88049	   0.34273	   1.71227
    96	   0.73236	   0.79970	   0.01050	   1.04585
    97	   0.75344	   0.76569	   0.06772	   1.02643
    98	   0.83452	   0.84741	   0.25749	   1.54290
    99	   0.67996	   0.74051	   0.10745	   1.00115
   100	   0.71247	   0.76569	   0.00886	   1.35308
   101	   0.75181	   0.74953	   0.17383	   1.02049
   102	   0.74093	   0.82217	   0.04397	   1.05630
   103	   0.77431	   0.86510	   0.09980	   1.05692
   104	   0.65116	   0.74903	   0.03150	   1.00115
   105	   0.93501	   0.88450	   0.11713	   1.89268
   106	   0.81222	   0.79970	   0.19740	   1.05630
   107	   0.74241	   0.76146	   0.09788	   1.05630
   108	   0.62659	   0.74051	   0.00629	   1.00115
   109	   0.87632	   0.88450	   0.08269	   1.96278
   110	   0.64958	   0.74051	   0.03342	   1.00115
   111	   0.90519	   0.86510	   0.28429	   1.65010
   112	   0.89676	   0.88049	   0.22086	   1.78079
   113	   1.03427	   0.88764	   0.46378	   3.04103
   114	   0.64167	   0.74903	   0.02128	   1.00115
   115	   0.68004	   0.76569	   0.00717	   1.00115
   116	   1.14331	   0.88571	   0.11931	   3.96534
   117	   0.75201	   0.81238	   0.02412	   1.02643
   118	   0.83207	   0.86566	   0.04624	   1.79417
   119	   0.87728	   0.87459	   0.21068	   1.55852
   120	   0.74482	   0.76569	   0.05393	   1.88093
   121	   0.87292	   0.88049	   0.10945	   2.20811
   122	   0.63470	   0.74903	   0.00231	   1.00115
   123	   0.80434	   0.86510	   0.05403	   1.40180
   124	   0.92074	   0.87903	   0.02973	   2.51905
   125	   0.70652	   0.74953	   0.07803	   1.02643
   126	   0.90597	   0.86510	   0.04624	   2.17514
   127	   0.90573	   0.88049	   0.15098	   2.69238
   128	   0.86954	   0.86566	   0.17205	   2.02007
   129	   0.70662	   0.73764	   0.05904	   1.02643
   130	   0.63916	   0.65354	   0.13502	   1.95616
   131	   0.42218	   0.19378	   0.05014	   0.98054
   132	   0.40696	   0.19699	   0.04287	   1.00115
   133	   0.48050	   0.19699	   0.09241	   1.96917
   134	   0.22283	   0.17907	   0.01140	   0.72804
   135	   0.33611	   0.19559	   0.14985	   0.98943
   136	   0.21430	   0.17887	   0.00975	   0.62893
   137	   0.22084	   0.17918	   0.06947	   0.73935
   138	   0.16800	   0.17374	   0.03557	   0.22525
   139	   0.27382	   0.18288	   0.03546	   1.17301
   140	   0.17039	   0.17471	   0.01867	   0.26557
   141	   0.19388	   0.18066	   0.04624	   0.44647
   142	   0.19617	   0.17887	   0.01046	   0.57147
   143	   0.16742	   0.17594	   0.02314	   0.24630
   144	   0.15631	   0.17263	   0.02164	   0.21979
   145	   0.16226	   0.17263	   0.01158	   0.21979
   146	   0.28474	   0.18296	   0.09168	   1.24529
   147	   0.24240	   0.19272	   0.14980	   0.58178
   148	   0.26621	   0.18599	   0.13573	   0.89209
   149	   0.21832	   0.18148	   0.03676	   0.68153
   150	   0.15274	   0.17270	   0.01465	   0.21969
   151	   0.23202	   0.18625	   0.08343	   0.61751
   152	   0.18233	   0.17887	   0.05446	   0.41202
   153	   0.15050	   0.17263	   0.02357	   0.21618
   154	   0.22268	   0.18548	   0.08293	   0.54790
   155	   0.16906	   0.17603	   0.04125	   0.27572
   156	   0.25402	   0.18599	   0.11079	   0.86750
   157	   0.15380	   0.17263	   0.00456	   0.21979
   158	   0.25889	   0.18198	   0.01310	   0.79345
   159	   0.16995	   0.17684	   0.03704	   0.34132
   160	   0.20876	   0.18599	   0.09204	   0.41758
   161	   0.33128	   0.18288	   0.06177	   1.46400
   162	   0.25527	   0.18148	   0.05234	   0.90280
   163	   0.15101	   0.17263	   0.01104	   0.21979
   164	   0.36290	   0.18773	   0.14905	   1.40497
   165	   0.60957	   0.19272	   0.14905	   3.55083
   166	   0.20606	   0.18296	   0.08600	   0.45333
   167	   0.17911	   0.17918	   0.04624	   0.30723
   168	   0.18731	   0.17918	   0.04459	   0.45140
   169	   0.37796	   0.18913	   0.05189	   1.72412
   170	   0.20455	   0.17374	   0.00935	   0.75226
   171	   0.19132	   0.17684	   0.02541	   0.61295
   172	   0.17394	   0.17471	   0.04163	   0.35312
   173	   0.47913	   0.19250	   0.11019	   3.61553
   174	   0.32118	   0.18599	   0.04624	   1.34932
   175	   0.25753	   0.18296	   0.05740	   0.73811
   176	   0.14122	   0.17205	   0.00295	   0.21969
   177	   0.17066	   0.17471	   0.05492	   0.26842
   178	   0.19419	   0.17983	   0.01860	   0.43208
   179	   0.18578	   0.17374	   0.01697	   0.42209
   180	   0.16689	   0.17348	   0.04329	   0.22525
   181	   0.18185	   0.17887	   0.01777	   0.38489
   182	   0.19043	   0.17594	   0.01932	   0.24113
   183	   0.17893	   0.17348	   0.01161	   0.68841
   184	   0.27316	   0.18198	   0.06457	   1.31733
   185	   0.22909	   0.18282	   0.02044	   0.82806
   186	   0.18618	   0.17603	   0.01055	   0.59032
   187	   0.16259	   0.17348	   0.01395	   0.32360
   188	   0.28363	   0.19477	   0.14905	   0.77412
   189	   0.22826	   0.18282	   0.04585	   0.51469
   190	   0.30345	   0.19699	   0.14883	   0.86601
   191	   0.41856	   0.19784	   0.09285	   1.70010
   192	   0.34915	   0.20329	   0.06231	   1.26396
   193	   0.33785	   0.20969	   0.14905	   0.86262
   194	   0.38365	   0.21089	   0.10212	   1.42515
   195	   0.31000	   0.20904	   0.04998	   0.57494
   196	   0.30816	   0.21119	   0.03798	   0.52842
   197	   0.34095	   0.43692	   0.05515	   0.53068
   198	   0.38627	   0.47020	   0.02600	   0.78123
   199	   0.53166	   0.48187	   0.02487	   1.54939
   200	   0.43435	   0.47435	   0.07293	   1.24552
   201	   0.52287	   0.48769	   0.14503	   1.27144
   202	   0.45620	   0.48187	   0.04017	   0.96060
   203	   0.51509	   0.48614	   0.12898	   1.12772
   204	   0.49719	   0.48890	   0.00888	   1.05350
   205	   0.75167	   0.51080	   0.19559	   2.45076
   206	   0.46800	   0.48810	   0.00986	   1.05720
   207	   0.71393	   0.51008	   0.05181	   1.70377
   208	   0.62114	   0.50859	   0.06168	   1.40250
   209	   0.70234	   0.50889	   0.10015	   1.83006
   210	   0.75525	   0.51805	   0.22488	   1.91787
   211	   0.89310	   0.52360	   0.32536	   2.70239
   212	   0.58456	   0.50859	   0.10433	   1.06751
   213	   0.46623	   0.48810	   0.01395	   1.05350
   214	   0.82652	   0.52457	   0.44505	   2.48848
   215	   0.66756	   0.51008	   0.17303	   1.25353
   216	   0.51505	   0.49255	   0.03824	   1.12772
   217	   0.48785	   0.48890	   0.00303	   1.05720
   218	   0.65134	   0.50317	   0.04624	   2.66180
   219	   0.48128	   0.48890	   0.00832	   1.05350
   220	   0.55505	   0.49574	   0.03743	   1.12772
   221	   0.73116	   0.52332	   0.19084	   1.92762
   222	   0.64918	   0.49639	   0.09051	   1.78591
   223	   0.65214	   0.49692	   0.04608	   1.81060
   224	   0.53725	   0.49276	   0.07585	   1.05350
   225	   0.63859	   0.50889	   0.16960	   1.50271
   226	   0.52419	   0.49512	   0.06127	   1.05350
   227	   0.73622	   0.51080	   0.19085	   2.00531
   228	   0.56736	   0.50585	   0.06962	   1.05720
   229	   0.70054	   0.52005	   0.12380	   1.67121
   230	   0.58134	   0.49574	   0.07200	   1.12772
   231	   0.72177	   0.51805	   0.10491	   2.09976
   232	   0.73587	   0.51080	   0.05126	   1.86987
   233	   0.85829	   0.50317	   0.01310	   4.94660
   234	   0.85914	   0.52005	   0.13617	   3.40850
   235	   0.92058	   0.52332	   0.11757	   3.17176
   236	   0.56953	   0.49692	   0.04815	   1.05720
   237	   0.45549	   0.48769	   0.00277	   1.05350
   238	   0.62582	   0.49574	   0.06291	   1.83593
   239	   0.89165	   0.52332	   0.12921	   2.41834
   240	   0.44638	   0.48614	   0.00045	   1.05350
   241	   0.60614	   0.49639	   0.06746	   1.74089
   242	   0.67973	   0.49692	   0.02349	   2.03790
   243	   0.56332	   0.48810	   0.12463	   1.34797
   244	   0.42149	   0.46826	   0.00546	   0.78844
   245	   0.50832	   0.48149	   0.38367	   0.89202
   246	   0.36630	   0.46229	   0.00153	   0.53068
   247	   0.37489	   0.46114	   0.01749	   0.52842
   248	   0.47841	   0.47020	   0.20546	   0.97554
   249	   0.54520	   0.47401	   0.02192	   2.75506
   250	   0.40617	   0.46944	   0.04624	   0.55158
   251	   0.48054	   0.47761	   0.24321	   0.79202
   252	   0.51594	   0.48187	   0.18953	   0.99048
   253	   0.51091	   0.47509	   0.13304	   1.22433
   254	   0.47735	   0.47446	   0.08745	   0.85559
   255	   0.43001	   0.46826	   0.11773	   0.73293
   256	   0.48814	   0.47401	   0.04883	   1.66783
   257	   0.59533	   0.48614	   0.28569	   1.87219
   258	   0.39300	   0.46114	   0.03326	   0.52842
   259	   0.51501	   0.47446	   0.07918	   0.97138
   260	   0.38881	   0.46229	   0.02263	   0.53068
   261	   0.40627	   0.46713	   0.05310	   0.56280
   262	   0.52829	   0.47435	   0.09491	   0.82141
   263	   0.48396	   0.47435	   0.08116	   1.10717
   264	   0.42780	   0.47401	   0.03830	   0.56280
   265	   0.39730	   0.46114	   0.05419	   0.52640
   266	   0.43074	   0.46826	   0.08639	   0.60071
   267	   0.47225	   0.46944	   0.14943	   0.85771
   268	   0.64383	   0.48291	   0.04624	   2.45002
   269	   0.37300	   0.46229	   0.01566	   0.53068
   270	   0.75375	   0.48810	   0.13568	   3.20052
   271	   0.47282	   0.47602	   0.19544	   0.66149
   272	   0.40350	   0.46506	   0.04611	   0.56280
   273	   0.57771	   0.48291	   0.08045	   1.45812
   274	   0.51305	   0.48769	   0.14192	   0.88636
   275	   0.48429	   0.47509	   0.02495	   0.90612
   276	   0.49295	   0.47509	   0.01032	   1.27918
   277	   0.41819	   0.46944	   0.06725	   0.56160
   278	   0.38492	   0.45848	   0.04204	   0.52502
   279	   0.35745	   0.45848	   0.00580	   0.52502
   280	   0.42273	   0.46506	   0.10404	   0.53068
   281	   0.46076	   0.47401	   0.10404	   0.94278
   282	   0.37200	   0.45848	   0.02685	   0.52502
   283	   0.41063	   0.46713	   0.10544	   0.56280
   284	   0.65564	   0.48196	   0.11887	   2.54808
   285	   0.46211	   0.47602	   0.10404	   0.73693
   286	   0.51954	   0.47602	   0.17337	   1.69067
   287	   0.37735	   0.46114	   0.00974	   0.52842
   288	   0.44620	   0.47435	   0.01470	   0.86505
   289	   0.38467	   0.46229	   0.02405	   0.53068
   290	   0.39859	   0.46713	   0.01337	   0.56280
   291	   0.48537	   0.47446	   0.09411	   0.97206
   292	   0.41269	   0.46506	   0.06047	   0.52842
   293	   0.44370	   0.47446	   0.07588	   0.66436
   294	   0.39151	   0.46826	   0.01133	   0.52842
   295	   0.62425	   0.48810	   0.24317	   1.80039
   296	   0.49849	   0.47853	   0.24317	   0.93133
   297	   0.46735	   0.47509	   0.15271	   0.70981
   298	   0.50144	   0.47602	   0.14198	   1.23687
   299	   0.40525	   0.46713	   0.03549	   0.70804
   300	   0.45222	   0.47020	   0.11925	   0.79737
   301	   0.51265	   0.47509	   0.08382	   1.47459
   302	   0.61029	   0.48769	   0.34644	   1.33240
   303	   0.47993	   0.47602	   0.03553	   0.83347
   304	   0.41916	   0.46713	   0.03529	   0.56280
   305	   0.40251	   0.46713	   0.04510	   0.67244
   306	   0.44251	   0.47020	   0.21065	   0.60435
   307	   0.43452	   0.46506	   0.19048	   0.56280
   308	   0.58822	   0.47620	   0.01015	   1.91663
   309	   0.39112	   0.45848	   0.05652	   0.52502
   310	   0.45935	   0.46944	   0.03687	   0.59657
   311	   0.36297	   0.45848	   0.01298	   0.52502
   312	   0.53876	   0.48810	   0.16531	   0.93863
   313	   0.72913	   0.48769	   0.08062	   2.53052
   314	   0.73511	   0.49255	   0.37894	   2.01394
   315	   0.53042	   0.47602	   0.02420	   1.91157
   316	   0.45611	   0.47602	   0.08726	   0.62391
   317	   0.42371	   0.46826	   0.04586	   0.62005
   318	   0.43075	   0.46944	   0.17269	   0.53570
   319	   0.46871	   0.47446	   0.04624	   1.30053
   320	   0.61360	   0.48614	   0.12857	   2.17045
   321	   0.41802	   0.46944	   0.04733	   0.75278
   322	   0.43694	   0.47401	   0.12704	   0.75278
   323	   0.40380	   0.46713	   0.03307	   0.56280
   324	   0.50009	   0.47509	   0.17084	   1.16123
   325	   0.41506	   0.46229	   0.14929	   0.52842
   326	   0.44645	   0.47435	   0.02876	   0.77326
   327	   0.39770	   0.46114	   0.06786	   0.52502
   328	   0.75436	   0.48291	   0.09761	   2.67425
   329	   0.35443	   0.45848	   0.00586	   0.52502
   330	   0.45688	   0.47401	   0.04624	   0.60211
   331	   0.46037	   0.47435	   0.06754	   0.82383
   332	   0.40480	   0.45848	   0.05289	   0.52502
   333	   0.47526	   0.47620	   0.04624	   0.75701
   334	   0.41054	   0.46114	   0.07394	   0.52842
   335	   0.45729	   0.47020	   0.09904	   1.06399
   336	   0.48204	   0.47853	   0.07075	   0.91390
   337	   0.51386	   0.47602	   0.05490	   1.19318
   338	   0.59870	   0.48291	   0.07804	   2.29188
   339	   0.52839	   0.47853	   0.04808	   1.43661
   340	   0.68420	   0.48614	   0.04244	   2.24742
   341	   0.55474	   0.47509	   0.00578	   2.48846
   342	   0.72099	   0.49639	   0.39451	   2.43949
   343	   0.45950	   0.47446	   0.06817	   1.08398
   344	   0.78139	   0.48291	   0.14860	   3.76958
   345	   0.47703	   0.47446	   0.05180	   1.20579
   346	   0.56050	   0.47847	   0.06824	   1.53932
   347	   0.60018	   0.48291	   0.09428	   2.08464
   348	   0.43707	   0.46944	   0.03393	   1.07841
   349	   0.45774	   0.47401	   0.05483	   1.19318
   350	   0.52588	   0.48187	   0.05430	   1.20579
   351	   0.41505	   0.46826	   0.01825	   1.19318
   352	   0.51580	   0.47853	   0.20823	   1.19318
   353	   0.71645	   0.49276	   0.36619	   1.65723
   354	   0.98939	   0.49574	   0.18709	   5.83758
   355	   0.93876	   0.48810	   0.07633	   4.22291
   356	   0.75682	   0.48890	   0.04523	   1.81566
   357	   0.74545	   0.48614	   0.03086	   1.89474
   358	   0.88634	   0.49276	   0.16505	   3.49085
   359	   0.86547	   0.48810	   0.03420	   3.53393
   360	   0.61771	   0.47509	   0.05585	   1.44179
   361	   0.86431	   0.49678	   0.17574	   2.39853
   362	   0.82653	   0.50012	   0.42739	   1.96818
   363	   0.76324	   0.48614	   0.04624	   3.00830
   364	   1.18294	   0.49639	   0.18126	   6.53283
   365	   0.75431	   0.48769	   0.04843	   2.63967
   366	   0.62971	   0.47509	   0.03130	   1.44179
   367	   0.82096	   0.49692	   0.25348	   2.57579
   368	   0.91234	   0.49639	   0.07926	   2.52507
   369	   0.91794	   0.50012	   0.36792	   2.89826
   370	   3.65553	   4.07165	   0.26225	   6.25396
   371	   3.41491	   3.99419	   0.21763	   6.43051
   372	   3.06565	   3.99419	   0.00294	   6.43051
   373	   3.24892	   3.99419	   0.02417	   6.43051
   374	   3.24667	   3.99419	   0.06971	   6.43051
   375	   3.90148	   4.23072	   0.05054	   6.43051
   376	   2.10238	   1.43863	   0.08064	   4.85905
   377	   0.15978	   0.08637	   0.01937	   1.30694
   378	   0.28812	   0.09260	   0.03367	   1.44179
   379	   0.10383	   0.09067	   0.02967	   0.27290
   380	   0.13920	   0.09208	   0.05452	   0.92635
   381	   0.07238	   0.08538	   0.01143	   0.10081
   382	   0.09011	   0.08902	   0.03768	   0.13263
   383	   0.06989	   0.08568	   0.00205	   0.10081
   384	   0.07662	   0.08625	   0.00135	   0.10693
   385	   0.23414	   0.09396	   0.07196	   0.79184
   386	   0.16037	   0.09226	   0.04399	   0.66061
   387	   0.10650	   0.09213	   0.06845	   0.26221
   388	   0.28820	   0.09377	   0.07172	   1.45001
   389	   0.18672	   0.09373	   0.06843	   0.61324
   390	   0.08293	   0.08625	   0.00401	   0.10355
   391	   0.10068	   0.08837	   0.01248	   0.36211
   392	   0.09691	   0.09148	   0.03211	   0.21036
   393	   0.11887	   0.09260	   0.05718	   0.31560
   394	   0.13525	   0.09396	   0.07196	   0.36396
   395	   0.15964	   0.09206	   0.04624	   0.56125
   396	   0.07451	   0.08518	   0.01418	   0.10081
   397	   0.09241	   0.09033	   0.03203	   0.13937
   398	   0.08207	   0.08837	   0.00700	   0.11570
   399	   0.16687	   0.09377	   0.07196	   0.69792
   400	   0.11259	   0.09033	   0.01133	   0.43191
   401	   0.46212	   0.09336	   0.06843	   3.01793
   402	   0.12875	   0.09206	   0.06667	   0.53645
   403	   0.07356	   0.08531	   0.00920	   0.10081
   404	   0.11103	   0.09200	   0.06696	   0.28580
   405	   0.08537	   0.08803	   0.01866	   0.13856
   406	   0.09486	   0.09052	   0.01477	   0.22754
   407	   0.13677	   0.09200	   0.04624	   0.53197
   408	   0.15886	   0.09396	   0.07196	   0.51545
   409	   0.19379	   0.09210	   0.05295	   1.03560
   410	   0.31587	   0.09336	   0.07172	   2.73644
   411	   0.11729	   0.09121	   0.01630	   0.35755
   412	   0.08205	   0.08792	   0.00547	   0.13747
   413	   0.28491	   0.09260	   0.05409	   1.26173
   414	   0.13290	   0.09206	   0.05848	   0.47368
   415	   0.28079	   0.09210	   0.05747	   2.58071
   416	   0.15199	   0.09121	   0.01672	   1.20475
   417	   0.14967	   0.09200	   0.01750	   0.54846
   418	   0.25507	   0.09396	   0.07172	   1.23221
   419	   1.03663	   0.09260	   0.03084	   4.63624
   420	   3.64499	   4.02775	   0.16208	   4.95672
   421	   2.73816	   3.79015	   0.04241	   4.75640
   422	   1.97061	   0.55944	   0.02956	   4.61233
   423	   0.29641	   0.20474	   0.06669	   1.02552
   424	   0.25516	   0.20614	   0.15587	   0.55556
   425	   0.57515	   0.20670	   0.15783	   2.81567
   426	   0.19999	   0.19941	   0.06045	   0.39021
   427	   0.26057	   0.20177	   0.06115	   1.16180
   428	   0.17217	   0.19536	   0.02079	   0.21981
   429	   0.18795	   0.20056	   0.00420	   0.31390
   430	   0.19734	   0.19923	   0.05271	   0.33258
   431	   0.28947	   0.20463	   0.09158	   1.12098
   432	   0.22383	   0.20225	   0.04508	   0.50720
   433	   0.29315	   0.20474	   0.11220	   0.97811
   434	   0.26774	   0.20499	   0.10752	   0.89779
   435	   0.22347	   0.20384	   0.04624	   0.52622
   436	   0.20752	   0.20147	   0.02323	   0.56134
   437	   0.17892	   0.19684	   0.01116	   0.26200
   438	   0.18050	   0.19671	   0.06623	   0.26941
   439	   0.22224	   0.20384	   0.07672	   0.48079
   440	   0.17978	   0.19941	   0.00824	   0.32597
   441	   0.23862	   0.20649	   0.17139	   0.41251
   442	   0.22271	   0.20230	   0.07450	   0.63429
   443	   0.43983	   0.20499	   0.01905	   2.41534
   444	   0.19878	   0.20147	   0.06063	   0.36952
   445	   0.22309	   0.20474	   0.12370	   0.46340
   446	   0.18105	   0.19780	   0.04362	   0.22171
   447	   0.20648	   0.20147	   0.06961	   0.45664
   448	   0.16803	   0.19649	   0.02138	   0.22597
   449	   0.21933	   0.19941	   0.06091	   0.61235
   450	   0.18482	   0.19773	   0.06333	   0.22756
   451	   0.19380	   0.19941	   0.06574	   0.31607
   452	   0.27183	   0.20614	   0.11780	   0.87241
   453	   0.26927	   0.20384	   0.09814	   0.93295
   454	   0.20583	   0.20399	   0.12115	   0.30474
   455	   0.35638	   0.20499	   0.05096	   1.66877
   456	   0.18789	   0.19671	   0.02791	   0.35963
   457	   0.31143	   0.20614	   0.10620	   0.88567
   458	   0.19768	   0.20147	   0.01810	   0.37616
   459	   0.23448	   0.20225	   0.02342	   0.80213
   460	   0.18207	   0.19896	   0.04060	   0.26906
   461	   0.25328	   0.20225	   0.01627	   0.64983
   462	   0.21918	   0.20305	   0.07938	   0.46311
   463	   0.26531	   0.20384	   0.07973	   0.82333
   464	   0.16485	   0.19649	   0.00149	   0.22669
   465	   0.20475	   0.19941	   0.03901	   0.45460
   466	   0.18048	   0.19713	   0.07312	   0.23661
   467	   0.15057	   0.19536	   0.00123	   0.21981
   468	   0.19499	   0.19941	   0.04296	   0.37397
   469	   0.19226	   0.19896	   0.04624	   0.29324
   470	   0.24509	   0.20399	   0.04728	   0.64279
   471	   0.20117	   0.20056	   0.03557	   0.44951
   472	   0.27598	   0.20399	   0.05955	   1.01030
   473	   0.17672	   0.19611	   0.02485	   0.22241
   474	   0.19075	   0.20056	   0.03530	   0.37527
   475	   0.20250	   0.19932	   0.01408	   0.30484
   476	   0.32345	   0.20613	   0.07070	   1.51983
   477	   0.20779	   0.20225	   0.03102	   0.38284
   478	   0.15061	   0.19536	   0.00149	   0.21981
   479	   0.23800	   0.20245	   0.03194	   0.56178
   480	   0.22252	   0.20305	   0.06451	   0.44773
   481	   0.55588	   0.20649	   0.16044	   2.81229
   482	   0.26637	   0.20474	   0.09779	   1.08813
   483	   0.32650	   0.20613	   0.15783	   1.05906
   484	   0.21354	   0.20056	   0.02720	   0.69152
   485	   0.15860	   0.19567	   0.00995	   0.22171
   486	   0.18428	   0.19671	   0.04624	   0.22241
   487	   0.34992	   0.20474	   0.14552	   1.52982
   488	   0.22501	   0.20588	   0.06907	   0.49180
   489	   0.32540	   0.20613	   0.08412	   1.29929
   490	   0.16336	   0.19536	   0.00647	   0.21981
   491	   0.19732	   0.19941	   0.04562	   0.30915
   492	   0.16372	   0.19567	   0.00307	   0.22171
   493	   0.17180	   0.19567	   0.03499	   0.22171
   494	   0.23044	   0.20474	   0.03967	   0.47125
   495	   0.24148	   0.20225	   0.03047	   0.77170
   496	   0.22147	   0.20399	   0.07698	   0.48553
   497	   0.25539	   0.20463	   0.09800	   0.77851
   498	   0.18491	   0.19923	   0.02260	   0.27597
   499	   0.23727	   0.20499	   0.12381	   0.54991
   500	   0.19275	   0.20147	   0.04624	   0.25554
   501	   0.15834	   0.19611	   0.00397	   0.22241
   502	   0.26655	   0.20588	   0.11409	   0.75450
   503	   0.21071	   0.20147	   0.01836	   0.40109
   504	   0.20787	   0.20225	   0.04440	   0.41212
   505	   0.17155	   0.19896	   0.00274	   0.37384
   506	   0.24413	   0.20499	   0.01636	   0.51638
   507	   0.20605	   0.20399	   0.00291	   0.39121
   508	   0.24779	   0.20670	   0.05615	   0.39555
   509	   0.39383	   0.36423	   0.07246	   1.17189
   510	   0.31818	   0.35126	   0.05692	   0.63331
   511	   0.28598	   0.35126	   0.03327	   0.40372
   512	   0.64061	   0.37679	   0.17300	   2.56552
   513	   0.34228	   0.36550	   0.10897	   0.56318
   514	   0.42478	   0.37968	   0.17139	   0.90752
   515	   0.49847	   0.37699	   0.12459	   1.95571
   516	   0.35830	   0.36995	   0.05806	   0.54228
   517	   0.57591	   0.37968	   0.10715	   2.05532
   518	   0.34651	   0.36978	   0.06033	   0.40372
   519	   0.49524	   0.37699	   0.06698	   1.88861
   520	   0.45093	   0.38003	   0.15440	   1.20796
   521	   0.40829	   0.36912	   0.00593	   1.30253
   522	   0.47158	   0.38003	   0.30164	   1.30253
   523	   0.35937	   0.36981	   0.02324	   0.74333
   524	   0.36224	   0.36978	   0.04461	   0.91986
   525	   0.36147	   0.36995	   0.03543	   0.79768
   526	   0.40265	   0.36978	   0.04033	   1.34392
   527	   0.29368	   0.36408	   0.03703	   0.39721
   528	   0.44413	   0.37557	   0.00967	   1.60375
   529	   0.62248	   0.38073	   0.18719	   2.07298
   530	   0.46987	   0.37679	   0.16951	   1.69395
   531	   0.45548	   0.37663	   0.17499	   2.08766
   532	   0.56082	   0.37699	   0.07212	   2.89334
   533	   0.27805	   0.36408	   0.00298	   0.39721
   534	   0.34209	   0.36781	   0.05779	   0.47507
   535	   0.39204	   0.37469	   0.06984	   0.66493
   536	   0.32622	   0.36647	   0.03835	   0.47926
   537	   0.37817	   0.36978	   0.00798	   1.22599
   538	   0.27982	   0.36408	   0.00238	   0.39721
   539	   0.36781	   0.36995	   0.07607	   0.86928
   540	   0.34312	   0.36978	   0.01331	   0.83983
   541	   0.37110	   0.37272	   0.05265	   0.78031
   542	   0.32712	   0.36781	   0.04565	   0.42896
   543	   0.44136	   0.37469	   0.09258	   0.99752
   544	   0.34107	   0.36781	   0.08688	   0.49051
   545	   0.42463	   0.37679	   0.20188	   1.26478
   546	   0.41551	   0.37896	   0.27357	   0.86989
   547	   0.34291	   0.36912	   0.01789	   0.85970
   548	   0.35894	   0.36995	   0.09906	   0.59390
   549	   0.29502	   0.36408	   0.01496	   0.39721
   550	   0.38475	   0.37272	   0.07484	   1.02618
   551	   0.43420	   0.37663	   0.08728	   1.20294
   552	   0.34482	   0.36781	   0.05001	   0.69773
   553	   0.53404	   0.38003	   0.26116	   1.19809
   554	   0.56355	   0.37469	   0.07467	   2.61409
   555	   0.40488	   0.37557	   0.04473	   0.94846
   556	   0.51935	   0.38098	   0.31878	   1.43163
   557	   0.40764	   0.37699	   0.03989	   0.82742
   558	   0.44668	   0.37557	   0.20859	   1.08845
   559	   0.38081	   0.37469	   0.07901	   0.60454
   560	   0.43214	   0.37679	   0.16840	   1.15114
   561	   0.29706	   0.36408	   0.04395	   0.39721
   562	   0.32090	   0.36459	   0.06225	   0.39980
   563	   0.32981	   0.36779	   0.01103	   0.51402
   564	   0.50386	   0.37679	   0.12445	   1.64016
   565	   0.39608	   0.37557	   0.04538	   0.87596
   566	   0.38922	   0.36978	   0.04624	   1.53156
   567	   0.68098	   0.37988	   0.14564	   3.13407
   568	   0.47071	   0.37790	   0.08930	   1.57891
   569	   0.53115	   0.37790	   0.10696	   2.11418
   570	   0.28672	   0.36423	   0.00333	   0.39980
   571	   0.39682	   0.37663	   0.24619	   0.66476
   572	   0.35986	   0.36912	   0.03637	   0.83241
   573	   0.47661	   0.37968	   0.09853	   1.29072
   574	   0.36499	   0.36981	   0.06929	   0.63413
   575	   0.35688	   0.36912	   0.07213	   0.59097
   576	   0.37457	   0.37232	   0.17342	   0.53752
   577	   0.37146	   0.36981	   0.04011	   1.03377
   578	   0.40587	   0.37272	   0.04580	   1.29112
   579	   0.37122	   0.36995	   0.05458	   0.75036
   580	   0.37761	   0.37272	   0.04311	   0.81696
   581	   0.56347	   0.37988	   0.22005	   2.06257
   582	   0.64995	   0.38130	   0.33356	   3.00234
   583	   0.52436	   0.37679	   0.10332	   1.59581
   584	   0.41643	   0.36981	   0.05080	   1.77171
   585	   0.68465	   0.37896	   0.07381	   3.62136
   586	   0.31877	   0.36550	   0.03187	   0.40372
   587	   0.45075	   0.37663	   0.07372	   1.26206
   588	   0.46151	   0.37469	   0.06132	   1.41423
   589	   0.31717	   0.36408	   0.05982	   0.39721
   590	   0.35394	   0.36781	   0.04179	   1.01184
   591	   0.29125	   0.36408	   0.02442	   0.39721
   592	   0.31071	   0.36423	   0.05849	   0.39721
   593	   0.34021	   0.36779	   0.06704	   0.43593
   594	   0.36673	   0.36978	   0.05674	   0.91286
   595	   0.47223	   0.37988	   0.12978	   1.26131
   596	   0.31503	   0.36459	   0.04192	   0.40030
   597	   0.39737	   0.37469	   0.15316	   0.95047
   598	   0.28583	   0.36408	   0.01088	   0.39721
   599	   0.29420	   0.36408	   0.03038	   0.39721
   600	   0.47355	   0.37663	   0.11752	   1.49815
   601	   0.33270	   0.36978	   0.03296	   0.50922
   602	   0.37113	   0.37232	   0.08536	   0.81451
   603	   0.35111	   0.36779	   0.01415	   0.60879
   604	   0.40172	   0.37232	   0.12453	   0.98224
   605	   0.29771	   0.36408	   0.02255	   0.39721
   606	   0.29375	   0.36408	   0.01126	   0.39721
   607	   0.29274	   0.36423	   0.00284	   0.39769
   608	   0.32179	   0.36781	   0.01530	   0.55402
   609	   0.70195	   0.37896	   0.04624	   2.61564
   610	   0.66576	   0.38073	   0.20162	   3.09878
   611	   0.34217	   0.36981	   0.01564	   0.70445
   612	   0.29435	   0.36408	   0.02319	   0.39721
   613	   0.36948	   0.36995	   0.18716	   0.50165
   614	   0.43759	   0.37679	   0.05587	   1.28997
   615	   0.32948	   0.36550	   0.06166	   0.40030
   616	   0.33659	   0.36550	   0.12420	   0.39980
   617	   0.31203	   0.36550	   0.01247	   0.39721
   618	   0.31026	   0.36408	   0.02222	   0.39721
   619	   0.45995	   0.37790	   0.13714	   1.46534
   620	   0.52187	   0.37968	   0.17046	   1.98266
   621	   0.39822	   0.37679	   0.06449	   0.72678
   622	   0.47362	   0.37384	   0.03395	   1.84344
   623	   0.40438	   0.37272	   0.07377	   0.89397
   624	   0.30405	   0.36423	   0.02418	   0.39980
   625	   0.36212	   0.36781	   0.02666	   1.42775
   626	   0.46221	   0.37469	   0.05173	   1.54012
   627	   0.59355	   0.37790	   0.05306	   2.22275
   628	   0.32546	   0.36779	   0.02017	   0.57367
   629	   0.37261	   0.36995	   0.01617	   1.08948
   630	   0.48972	   0.37663	   0.04624	   1.88891
   631	   0.58251	   0.37988	   0.33069	   1.70031
   632	   0.40273	   0.36995	   0.04624	   1.20413
   633	   0.70813	   0.38003	   0.31878	   2.35683
   634	   0.80061	   0.37790	   0.08251	   3.92632
   635	   0.59903	   0.37968	   0.24663	   2.81704
   636	   0.50584	   0.37896	   0.21106	   1.57957
   637	   0.56497	   0.37988	   0.26763	   2.07385
   638	   0.53145	   0.38073	   0.33069	   1.43764
   639	   0.46941	   0.37835	   0.16563	   1.60431
   640	   0.36208	   0.36978	   0.02590	   0.73696
   641	   0.47357	   0.37272	   0.05818	   1.84027
   642	   0.37460	   0.37232	   0.09656	   0.68335
   643	   0.28128	   0.36408	   0.00287	   0.39721
   644	   0.41802	   0.37272	   0.08707	   1.20626
   645	   0.44198	   0.37679	   0.07827	   1.55880
   646	   0.35285	   0.36981	   0.04624	   0.59698
   647	   0.58247	   0.37699	   0.24242	   2.43509
   648	   0.47372	   0.37968	   0.18948	   1.60253
   649	   0.29533	   0.36408	   0.02013	   0.39721
   650	   0.39996	   0.36995	   0.10491	   0.48601
   651	   0.40801	   0.37790	   0.06018	   0.86404
   652	   0.31692	   0.36550	   0.03213	   0.40372
   653	   0.40384	   0.37232	   0.05067	   1.01181
   654	   0.39279	   0.37469	   0.03136	   0.80871
   655	   0.42019	   0.37663	   0.08822	   1.40042
   656	   0.41208	   0.37679	   0.19479	   0.92261
   657	   0.28775	   0.36423	   0.01313	   0.39980
   658	   0.38416	   0.36995	   0.02179	   0.92728
   659	   0.52269	   0.37988	   0.20665	   1.59991
   660	   0.43223	   0.37663	   0.02717	   1.34658
   661	   0.32088	   0.36779	   0.01578	   0.57913
   662	   0.43469	   0.37699	   0.20972	   1.00389
   663	   0.63714	   0.38098	   0.31878	   2.78895
   664	   0.27474	   0.36408	   0.00218	   0.39721
   665	   0.43857	   0.36978	   0.02438	   2.76182
   666	   0.39978	   0.37469	   0.19325	   0.77944
   667	   0.28813	   0.36459	   0.01073	   0.39721
   668	   0.32820	   0.36647	   0.07958	   0.40030
   669	   0.34932	   0.36978	   0.09289	   0.50920
   670	   0.34457	   0.36781	   0.01531	   0.74211
   671	   0.31194	   0.36423	   0.04624	   0.39980
   672	   0.28638	   0.36408	   0.02189	   0.39721
   673	   0.36996	   0.37272	   0.12163	   0.64285
   674	   0.44815	   0.37557	   0.06731	   1.39575
   675	   0.72327	   0.38098	   0.31878	   2.74286
   676	   0.32360	   0.36550	   0.05832	   0.40372
   677	   0.29744	   0.36423	   0.01697	   0.39980
   678	   0.30244	   0.36423	   0.02955	   0.39980
   679	   0.30392	   0.36423	   0.00967	   0.39980
   680	   0.33776	   0.36978	   0.04732	   0.48846
   681	   0.54637	   0.38003	   0.11975	   1.41744
   682	   0.31559	   0.36779	   0.04612	   0.42231
   683	   0.27865	   0.36408	   0.00759	   0.39721
   684	   0.31511	   0.36647	   0.02216	   0.42396
   685	   0.33412	   0.36647	   0.07072	   0.40372
   686	   0.39007	   0.37232	   0.08189	   0.70635
   687	   0.62902	   0.38130	   0.27110	   2.29240
   688	   0.33430	   0.36978	   0.00584	   0.72361
   689	   0.50337	   0.38477	   0.31878	   1.18724
   690	   0.36796	   0.36995	   0.07143	   0.72361
   691	   0.46578	   0.38003	   0.04624	   1.36235
   692	   0.51743	   0.38477	   0.07893	   1.41044
   693	   0.39892	   0.37988	   0.01513	   0.76072
   694	   0.42257	   0.38477	   0.00972	   0.77446
   695	   0.55470	   0.47165	   0.16374	   0.93276
   696	   0.55712	   0.57564	   0.06289	   1.42747
   697	   0.76907	   0.68606	   0.32462	   2.07707
   698	   0.49216	   0.62136	   0.00223	   0.83856
   699	   0.59591	   0.68079	   0.06285	   1.03901
   700	   0.65729	   0.69056	   0.34583	   1.03901
   701	   0.70729	   0.70183	   0.15386	   1.73350
   702	   0.55266	   0.68079	   0.02460	   0.83856
   703	   0.62275	   0.69154	   0.00974	   0.85535
   704	   0.71942	   0.72361	   0.40372	   1.03794
   705	   0.55730	   0.68606	   0.05218	   0.84776
   706	   0.73781	   0.72220	   0.13149	   1.69006
   707	   0.70803	   0.72220	   0.04624	   1.69006
   708	   0.73956	   0.72693	   0.06046	   1.41689
   709	   0.59725	   0.69056	   0.08173	   0.84776
   710	   0.66692	   0.70254	   0.14805	   0.97901
   711	   0.69602	   0.72264	   0.15116	   1.05964
   712	   0.69323	   0.71829	   0.21105	   0.96052
   713	   0.75153	   0.72264	   0.04624	   1.97048
   714	   0.56816	   0.68606	   0.03027	   0.84776
   715	   0.61487	   0.69732	   0.05250	   0.86834
   716	   0.58651	   0.69154	   0.04198	   0.84776
   717	   0.66879	   0.70254	   0.04692	   0.96216
   718	   0.54347	   0.68606	   0.01446	   0.84776
   719	   0.71529	   0.72361	   0.27292	   0.96696
   720	   0.54642	   0.69056	   0.00025	   0.86082
   721	   0.70900	   0.71187	   0.07837	   1.35718
   722	   0.83413	   0.72220	   0.09080	   2.96941
   723	   1.05648	   0.75462	   0.40372	   2.95465
   724	   0.74664	   0.70435	   0.02290	   2.49666
   725	   0.57698	   0.69056	   0.03543	   0.84776
   726	   0.53589	   0.69056	   0.00086	   0.84776
   727	   0.83955	   0.73296	   0.06174	   1.72534
   728	   0.77305	   0.72220	   0.26119	   1.82832
   729	   1.22936	   0.74535	   0.22319	   4.93009
   730	   0.61365	   0.69154	   0.02192	   0.86166
   731	   0.72930	   0.72220	   0.10300	   1.60088
   732	   0.58120	   0.69056	   0.02603	   0.84776
   733	   0.71368	   0.72361	   0.02481	   1.34051
   734	   0.71460	   0.72220	   0.18651	   1.33979
   735	   0.56266	   0.69056	   0.01297	   0.84776
   736	   0.62833	   0.69732	   0.10382	   0.86082
   737	   0.57980	   0.69150	   0.02793	   0.84776
   738	   0.80947	   0.72361	   0.20077	   2.09456
   739	   0.71929	   0.71187	   0.01157	   1.34814
   740	   0.71200	   0.71187	   0.17206	   1.43933
   741	   0.59102	   0.69150	   0.04624	   0.84776
   742	   0.72174	   0.72361	   0.22271	   1.14351
   743	   0.69726	   0.70296	   0.06216	   1.63041
   744	   0.67314	   0.70056	   0.04624	   0.96216
   745	   0.61933	   0.69732	   0.05777	   0.95454
   746	   0.72963	   0.71187	   0.21707	   1.21323
   747	   0.75758	   0.72264	   0.18118	   1.98905
   748	   0.62753	   0.69154	   0.02670	   0.88265
   749	   0.69616	   0.72264	   0.21829	   0.96216
   750	   0.66407	   0.70183	   0.17127	   1.05414
   751	   0.76756	   0.73631	   0.40431	   1.12318
   752	   0.65448	   0.70296	   0.05015	   1.25175
   753	   0.65381	   0.70296	   0.00988	   1.25175
   754	   0.79353	   0.73581	   0.01183	   1.99702
   755	   0.86362	   0.73659	   0.37156	   1.97842
   756	   0.58024	   0.69154	   0.02212	   0.88265
   757	   0.59899	   0.69150	   0.04624	   0.86082
   758	   0.74887	   0.72693	   0.05586	   1.72060
   759	   0.59827	   0.69150	   0.04143	   0.86082
   760	   0.65118	   0.70254	   0.03080	   0.95344
   761	   0.58831	   0.69154	   0.00496	   0.86082
   762	   0.54960	   0.69056	   0.01235	   0.84776
   763	   0.79741	   0.72693	   0.32335	   1.66029
   764	   0.64970	   0.70183	   0.04525	   1.37349
   765	   0.93918	   0.74703	   0.41866	   2.78933
   766	   0.71202	   0.72264	   0.29623	   1.10188
   767	   0.66296	   0.70056	   0.12477	   0.96216
   768	   0.74432	   0.72361	   0.17330	   1.53469
   769	   0.62484	   0.69154	   0.04624	   0.85396
   770	   0.76659	   0.72264	   0.28737	   1.66618
   771	   0.75548	   0.72361	   0.29537	   1.44912
   772	   0.54942	   0.69150	   0.00064	   0.86082
   773	   0.69253	   0.71187	   0.09350	   1.19799
   774	   0.66560	   0.70435	   0.13410	   1.02030
   775	   0.54751	   0.69056	   0.02116	   0.84776
   776	   0.76056	   0.71187	   0.10793	   2.02247
   777	   0.81210	   0.72264	   0.30249	   2.10908
   778	   0.90288	   0.73581	   0.06215	   3.07858
   779	   0.57926	   0.69056	   0.05085	   0.84776
   780	   0.64129	   0.70183	   0.07487	   0.88265
   781	   0.60488	   0.70056	   0.03860	   0.86082
   782	   0.77031	   0.72977	   0.36260	   1.67581
   783	   0.65019	   0.70296	   0.08926	   1.05039
   784	   0.67471	   0.70435	   0.13991	   0.96216
   785	   1.12267	   0.72361	   0.11741	   8.50044
   786	   0.58566	   0.69154	   0.00781	   0.88265
   787	   0.78818	   0.72264	   0.04624	   2.29753
   788	   0.66068	   0.70183	   0.09460	   1.21325
   789	   0.78201	   0.72977	   0.25250	   1.66525
   790	   0.61811	   0.69732	   0.09512	   0.84776
   791	   0.66383	   0.70183	   0.12686	   1.51869
   792	   1.32545	   0.75462	   0.12542	   4.64425
   793	   0.81042	   0.72977	   0.08487	   2.04722
   794	   0.70542	   0.72693	   0.09241	   1.19772
   795	   0.93100	   0.73659	   0.36367	   3.10552
   796	   0.68887	   0.70435	   0.08495	   1.23078
   797	   0.69206	   0.70254	   0.05029	   1.77973
   798	   1.17527	   0.75064	   0.50500	   3.38716
   799	   0.96009	   0.72977	   0.10247	   3.97950
   800	   0.66520	   0.70183	   0.04392	   2.02741
   801	   0.83694	   0.72977	   0.07359	   2.48138
   802	   0.90225	   0.75064	   0.27451	   2.06139
   803	   0.78274	   0.72977	   0.04241	   2.05724
   804	   0.98230	   0.74630	   0.19531	   3.04548
   805	   0.85532	   0.73659	   0.04809	   3.20635
   806	   0.67984	   0.70183	   0.23658	   0.96216
   807	   0.72095	   0.72361	   0.11297	   1.19457
   808	   0.60610	   0.69732	   0.03006	   0.86082
   809	   0.70480	   0.70183	   0.07442	   1.45878
   810	   0.70523	   0.72220	   0.05871	   1.54237
   811	   0.66195	   0.70183	   0.07192	   1.17943
   812	   1.14748	   0.74630	   0.07588	   5.09131
   813	   0.75775	   0.72361	   0.09596	   1.63176
   814	   0.68754	   0.70296	   0.09506	   1.60309
   815	   0.72527	   0.70296	   0.04761	   1.59286
   816	   0.79035	   0.72361	   0.13181	   1.94993
   817	   0.69257	   0.70254	   0.06442	   1.27466
   818	   0.77233	   0.72977	   0.03516	   1.73570
   819	   0.73127	   0.70296	   0.02802	   1.81726
   820	   0.61586	   0.69056	   0.02701	   0.88265
   821	   0.57587	   0.68606	   0.04403	   0.86082
   822	   0.83867	   0.72820	   0.13746	   2.49599
   823	   0.63109	   0.70056	   0.07293	   1.16274
   824	   0.53138	   0.67296	   0.03187	   0.83390
   825	   0.60582	   0.68606	   0.13011	   0.92125
   826	   0.52486	   0.67117	   0.06969	   0.83856
   827	   0.53752	   0.66782	   0.10401	   0.84776
   828	   0.57623	   0.67122	   0.11865	   1.17757
   829	   0.54761	   0.67117	   0.11431	   0.84409
   830	   0.53800	   0.65231	   0.03664	   0.83856
   831	   0.56316	   0.66782	   0.10972	   0.85232
   832	   0.40311	   0.57564	   0.00366	   0.80451
   833	   0.66482	   0.60175	   0.01562	   2.45792
   834	   0.35377	   0.14097	   0.01475	   1.09044
   835	   0.52568	   0.13789	   0.01475	   2.66914
   836	   0.21177	   0.12941	   0.01475	   0.70056
   837	   0.16697	   0.07580	   0.01475	   0.70056
   838	   0.24273	   0.12723	   0.01324	   0.97495
   839	   0.30520	   0.11621	   0.01130	   1.43104
   840	   0.20644	   0.11742	   0.01324	   0.68354
   841	   0.32879	   0.11431	   0.01324	   2.87876
   842	   0.19904	   0.11140	   0.01130	   0.90485
   843	   0.21786	   0.03861	   0.00845	   1.25022
   844	   0.20936	   0.04247	   0.01102	   1.77804
   845	   0.05385	   0.03440	   0.01102	   0.14434
   846	   0.27401	   0.05862	   0.01102	   2.04267
   847	   0.04958	   0.02961	   0.00233	   0.14434
   848	   0.08224	   0.04893	   0.01102	   0.22522
   849	   0.16777	   0.05864	   0.01102	   1.14223
   850	   0.13452	   0.04519	   0.01102	   0.70806
   851	   0.12550	   0.05864	   0.01102	   0.46381
   852	   0.17559	   0.07580	   0.01102	   1.03566
   853	   0.14038	   0.05635	   0.01011	   0.65864
   854	   0.17678	   0.10334	   0.01102	   0.69649
   855	   0.40462	   0.12424	   0.01102	   2.21667
   856	   0.31599	   0.13432	   0.01102	   1.63447
   857	   0.22061	   0.13471	   0.01102	   0.70454
   858	   0.22379	   0.13471	   0.01102	   0.64608
   859	   0.42236	   0.38065	   0.01666	   1.23587
   860	   0.36488	   0.35935	   0.02207	   0.79802
   861	   0.40849	   0.34981	   0.02370	   1.17042
   862	   0.31891	   0.14137	   0.00148	   0.79802
   863	   0.34183	   0.15465	   0.03018	   0.79802
   864	   0.45448	   0.39116	   0.03562	   0.99380
   865	   0.48562	   0.40191	   0.03562	   1.35111
   866	   0.57582	   0.38770	   0.03562	   2.14111
   867	   0.47674	   0.39182	   0.03210	   1.47593
   868	   0.46691	   0.39617	   0.03886	   0.96615
   869	   0.39060	   0.34981	   0.03320	   0.82103
   870	   0.45880	   0.39059	   0.04624	   0.87274
   871	   0.45058	   0.39059	   0.03837	   1.01862
   872	   0.55234	   0.40313	   0.06573	   1.56604
   873	   0.46781	   0.39617	   0.07178	   0.97414
   874	   0.37081	   0.34981	   0.01615	   0.81651
   875	   0.67654	   0.74626	   0.10334	   2.28729
   876	   0.54922	   0.67451	   0.01756	   0.91897
   877	   0.77614	   0.75500	   0.01888	   2.63716
   878	   0.49420	   0.73004	   0.00136	   0.82103
   879	   0.67284	   0.75702	   0.08159	   1.64031
   880	   0.53371	   0.74626	   0.00281	   0.83808
   881	   0.62763	   0.75416	   0.02437	   0.89750
   882	   0.86152	   0.77319	   0.07910	   2.83788
   883	   0.68916	   0.75596	   0.18880	   1.69411
   884	   0.68953	   0.75416	   0.07737	   1.69394
   885	   0.71284	   0.75940	   0.13139	   1.69394
   886	   0.60985	   0.75398	   0.02383	   0.96351
   887	   0.76967	   0.77319	   0.07047	   2.31688
   888	   0.60511	   0.75702	   0.00098	   1.07899
   889	   0.56668	   0.75175	   0.04243	   0.88428
   890	   0.55187	   0.74626	   0.05957	   0.83808
   891	   0.52245	   0.74611	   0.02349	   0.82921
   892	   0.70033	   0.76552	   0.14372	   1.45132
   893	   0.53132	   0.74626	   0.01035	   0.82921
   894	   0.52287	   0.74626	   0.00204	   0.82921
   895	   0.69831	   0.75500	   0.11403	   1.57205
   896	   0.65856	   0.75702	   0.05535	   1.27187
   897	   0.64502	   0.76552	   0.09708	   0.89750
   898	   0.53895	   0.74626	   0.00565	   0.83808
   899	   0.60959	   0.75367	   0.13036	   0.83808
   900	   0.65286	   0.75702	   0.04272	   1.39379
   901	   0.77370	   0.76925	   0.10823	   1.71019
   902	   0.61245	   0.75367	   0.06137	   0.89750
   903	   0.56134	   0.74611	   0.01922	   0.82921
   904	   0.50753	   0.74611	   0.00881	   0.82921
   905	   0.63771	   0.75416	   0.18823	   0.89750
   906	   0.59982	   0.74661	   0.06871	   0.88057
   907	   0.74845	   0.76925	   0.16204	   2.22226
   908	   0.57898	   0.74611	   0.13135	   0.82921
   909	   0.51958	   0.74611	   0.01067	   0.82921
   910	   0.53289	   0.74611	   0.01609	   0.82921
   911	   0.64947	   0.75500	   0.02187	   1.63497
   912	   0.52372	   0.74611	   0.01872	   0.82921
   913	   0.61904	   0.75398	   0.10823	   0.88428
   914	   0.57506	   0.74630	   0.06940	   0.83808
   915	   0.55783	   0.75175	   0.02641	   0.85593
   916	   0.61020	   0.76907	   0.01932	   0.89750
   917	   0.64206	   0.76399	   0.06900	   0.87182
   918	   0.62325	   0.77319	   0.07609	   0.90059
   919	   0.74909	   0.78883	   0.08038	   1.33249
   920	   0.64361	   0.77884	   0.03805	   0.90059
   921	   1.47735	   0.80748	   0.39059	   5.93525
   922	   0.60136	   0.78201	   0.00320	   0.90059
   923	   0.59671	   0.78348	   0.00455	   0.90943
   924	   0.87657	   0.79611	   0.05076	   1.59884
   925	   1.25948	   0.80047	   0.16270	   5.03104
   926	   1.04813	   0.80047	   0.07857	   3.93058
   927	   0.83604	   0.79349	   0.07613	   2.83230
   928	   0.68643	   0.78787	   0.06272	   0.93981
   929	   0.79557	   0.79370	   0.04511	   1.71418
   930	   0.80090	   0.79560	   0.04624	   1.20795
   931	   0.70481	   0.79060	   0.04559	   1.16283
   932	   0.69116	   0.78883	   0.05118	   0.98079
   933	   0.91059	   0.79611	   0.03577	   2.32265
   934	   1.25442	   0.81231	   0.74188	   6.90288
   935	   0.66166	   0.78787	   0.02842	   0.93664
   936	   0.76252	   0.79349	   0.25267	   1.09050
   937	   0.64739	   0.78650	   0.05153	   0.91016
   938	   0.97444	   0.79450	   0.15136	   3.76734
   939	   0.88602	   0.79669	   0.25463	   1.88867
   940	   0.85972	   0.79349	   0.18089	   2.07408
   941	   0.76986	   0.79196	   0.11110	   1.05027
   942	   1.17821	   0.79560	   0.10655	   5.46507
   943	   0.66097	   0.78780	   0.05173	   0.91506
   944	   0.84091	   0.79450	   0.09119	   1.73985
   945	   0.72227	   0.78883	   0.19878	   0.91202
   946	   1.09962	   0.81231	   0.73004	   2.24301
   947	   0.71826	   0.79349	   0.04624	   1.07790
   948	   0.62198	   0.78650	   0.00224	   0.91202
   949	   0.66706	   0.78602	   0.03672	   0.90943
   950	   0.94491	   0.79450	   0.11842	   2.92638
   951	   0.71560	   0.78883	   0.06187	   0.96654
   952	   0.90281	   0.79972	   0.23667	   2.16091
   953	   0.63331	   0.78650	   0.04497	   0.91202
   954	   0.78636	   0.79450	   0.04812	   1.57785
   955	   0.68110	   0.78787	   0.04993	   0.91506
   956	   0.93042	   0.80047	   0.41629	   1.95093
   957	   0.61829	   0.78650	   0.01510	   0.91202
   958	   0.86246	   0.79349	   0.02535	   2.10146
   959	   1.08090	   0.80047	   0.24114	   2.64468
   960	   0.89990	   0.79669	   0.04624	   2.31074
   961	   0.99453	   0.80565	   0.48839	   2.75026
   962	   0.82758	   0.79560	   0.18861	   1.50694
   963	   0.69539	   0.78916	   0.04996	   0.96654
   964	   0.65867	   0.78650	   0.03413	   0.91202
   965	   0.80313	   0.79349	   0.09975	   1.79689
   966	   1.18316	   0.80047	   0.29352	   4.23760
   967	   0.90641	   0.79455	   0.02307	   3.77560
   968	   0.64796	   0.78650	   0.02206	   0.91202
   969	   1.19260	   0.79669	   0.10028	   7.86883
   970	   0.98183	   0.79669	   0.02818	   2.92266
   971	   0.73391	   0.78883	   0.13313	   0.91506
   972	   0.68407	   0.78750	   0.04605	   0.91506
   973	   0.85853	   0.79611	   0.08756	   1.70250
   974	   0.64745	   0.78650	   0.05441	   0.90943
   975	   0.67028	   0.78750	   0.01256	   0.91506
   976	   0.64722	   0.78650	   0.04624	   0.91202
   977	   0.88574	   0.79455	   0.06422	   2.45951
   978	   1.17273	   0.80318	   0.59495	   3.39124
   979	   0.73257	   0.78916	   0.09060	   0.96654
   980	   0.72992	   0.79048	   0.00659	   1.22553
   981	   0.70085	   0.78916	   0.05264	   0.96654
   982	   0.65751	   0.78750	   0.03603	   0.90943
   983	   0.66610	   0.78650	   0.06295	   0.91202
   984	   0.63814	   0.78650	   0.04700	   0.91202
   985	   0.82134	   0.79560	   0.03685	   2.12193
   986	   0.60706	   0.78602	   0.00451	   0.90943
   987	   1.10473	   0.79611	   0.06739	   4.40464
   988	   0.84825	   0.79450	   0.09983	   1.89936
   989	   0.80330	   0.79455	   0.04376	   1.13245
   990	   0.61030	   0.78602	   0.03782	   0.90943
   991	   0.87031	   0.79611	   0.17180	   1.68323
   992	   0.62422	   0.78650	   0.00149	   0.91202
   993	   0.65920	   0.78602	   0.04381	   0.90943
   994	   1.16396	   0.81127	   0.47784	   3.12155
   995	   0.74785	   0.79196	   0.13936	   1.31627
   996	   0.85050	   0.79450	   0.15029	   1.91273
   997	   0.61968	   0.78602	   0.03228	   0.90943
   998	   0.80290	   0.79450	   0.10938	   1.45438
   999	   0.74899	   0.79060	   0.04624	   1.07036
  1000	   0.83131	   0.79370	   0.04624	   1.54386
  1001	   0.79907	   0.79349	   0.15799	   1.28762
  1002	   0.78340	   0.79163	   0.09353	   1.88738
  1003	   0.99816	   0.79802	   0.04624	   2.95368
  1004	   0.71786	   0.79048	   0.02167	   1.41816
  1005	   0.93520	   0.79972	   0.10436	   2.25141
  1006	   0.70433	   0.79048	   0.03160	   0.95726
  1007	   0.63143	   0.78602	   0.04560	   0.90943
  1008	   0.82809	   0.79370	   0.07125	   2.31644
  1009	   0.75174	   0.79196	   0.09237	   1.28737
  1010	   0.73339	   0.79060	   0.02373	   1.31753
  1011	   1.17724	   0.79972	   0.10717	   4.29027
  1012	   0.80704	   0.79196	   0.17072	   1.68563
  1013	   0.80292	   0.79450	   0.08185	   1.48529
  1014	   0.67422	   0.78602	   0.12466	   0.90943
  1015	   1.06690	   0.79560	   0.11663	   2.67982
  1016	   0.63666	   0.78602	   0.06136	   0.90943
  1017	   0.84217	   0.79370	   0.19346	   1.58132
  1018	   0.67268	   0.78883	   0.00485	   0.91506
  1019	   0.79680	   0.79370	   0.08541	   1.42308
  1020	   0.75619	   0.79060	   0.01475	   1.66799
  1021	   1.23024	   0.81127	   0.58200	   4.63635
  1022	   0.85042	   0.79560	   0.31067	   1.66799
  1023	   0.81951	   0.79450	   0.04018	   1.92346
  1024	   0.76158	   0.79349	   0.10623	   1.20332
  1025	   0.61142	   0.78602	   0.00611	   0.90943
  1026	   1.02878	   0.79455	   0.12223	   3.64264
  1027	   0.66493	   0.78750	   0.02931	   0.91506
  1028	   0.88115	   0.79611	   0.29253	   1.79946
  1029	   0.71224	   0.79048	   0.04839	   1.01768
  1030	   0.63743	   0.78650	   0.01743	   0.91202
  1031	   0.87885	   0.79349	   0.05089	   2.58795
  1032	   0.82116	   0.79368	   0.04518	   2.88191
  1033	   0.73911	   0.78916	   0.04395	   1.14679
  1034	   0.84842	   0.79370	   0.31963	   1.67515
  1035	   1.31398	   0.80748	   0.33938	   4.42942
  1036	   0.76368	   0.79349	   0.04624	   1.37660
  1037	   0.65820	   0.78750	   0.02465	   0.91506
  1038	   0.83673	   0.79802	   0.17460	   1.83708
  1039	   0.89212	   0.79611	   0.19282	   2.74758
  1040	   0.67818	   0.78883	   0.01603	   0.96654
  1041	   1.74326	   0.80748	   0.06869	   8.87753
  1042	   0.75293	   0.79048	   0.04624	   1.74340
  1043	   0.65667	   0.78750	   0.02343	   0.91506
  1044	   0.98473	   0.79802	   0.04812	   2.87964
  1045	   1.50352	   0.81645	   0.73004	   5.72850
  1046	   0.83814	   0.79370	   0.22410	   1.91423
  1047	   0.64267	   0.78750	   0.02170	   0.90943
  1048	   0.68632	   0.78916	   0.02458	   0.95952
  1049	   0.64447	   0.78787	   0.01778	   0.91506
  1050	   0.89399	   0.79669	   0.38742	   2.52708
  1051	   0.88584	   0.79560	   0.11578	   1.96603
  1052	   0.70697	   0.78883	   0.04151	   1.15220
  1053	   0.97553	   0.80815	   0.52852	   2.30150
  1054	   0.74096	   0.79048	   0.13508	   0.98117
  1055	   0.75647	   0.79060	   0.09026	   1.31004
  1056	   0.67894	   0.78750	   0.05262	   0.91506
  1057	   0.74168	   0.79368	   0.01600	   1.28326
  1058	   0.68061	   0.78650	   0.08624	   0.91202
  1059	   0.79682	   0.79060	   0.16891	   1.90052
  1060	   0.76851	   0.79196	   0.07708	   1.31348
  1061	   0.97194	   0.80047	   0.41213	   3.05659
  1062	   0.88783	   0.79611	   0.16454	   2.17553
  1063	   0.99116	   0.79368	   0.06655	   6.94996
  1064	   0.84313	   0.79560	   0.14113	   2.03649
  1065	   0.71662	   0.78883	   0.07113	   1.01683
  1066	   0.63777	   0.78602	   0.00567	   0.90943
  1067	   0.59882	   0.78348	   0.00529	   0.90059
  1068	   0.63666	   0.78650	   0.01281	   0.90059
  1069	   0.83003	   0.79370	   0.04467	   1.73090
  1070	   0.94195	   0.79972	   0.07722	   2.51739
  1071	   0.63129	   0.78348	   0.03336	   0.90059
  1072	   0.76999	   0.79349	   0.04624	   1.03734
  1073	   0.71864	   0.79048	   0.05704	   0.98058
  1074	   0.70768	   0.78787	   0.11961	   0.90943
  1075	   0.71748	   0.78883	   0.05899	   1.10445
  1076	   0.77662	   0.79196	   0.12110	   1.24656
  1077	   0.63384	   0.78513	   0.01179	   0.90059
  1078	   0.61673	   0.78602	   0.01859	   0.90943
  1079	   0.75130	   0.79196	   0.05471	   0.97563
  1080	   0.60945	   0.78602	   0.00143	   0.90943
  1081	   0.73783	   0.78883	   0.11856	   0.97563
  1082	   0.67391	   0.78650	   0.09638	   0.91202
  1083	   0.87437	   0.79560	   0.02029	   2.46137
  1084	   0.80440	   0.79455	   0.36263	   1.32694
  1085	   0.80663	   0.79349	   0.04624	   2.03019
  1086	   0.80113	   0.79349	   0.03322	   1.74059
  1087	   0.81392	   0.79455	   0.10411	   1.45647
  1088	   1.10580	   0.80565	   0.31824	   3.89033
  1089	   0.77220	   0.79196	   0.16629	   1.42905
  1090	   0.79861	   0.79196	   0.03564	   1.77015
  1091	   0.73932	   0.78750	   0.06358	   0.91506
  1092	   0.66216	   0.78602	   0.04176	   0.90943
  1093	   0.60519	   0.78348	   0.01047	   0.90059
  1094	   0.88455	   0.79611	   0.19185	   1.85814
  1095	   0.70451	   0.79048	   0.01990	   1.11021
  1096	   0.84669	   0.79368	   0.20492	   1.80263
  1097	   0.76582	   0.79048	   0.07787	   1.71937
  1098	   0.68721	   0.78750	   0.04621	   0.91202
  1099	   0.70305	   0.78943	   0.04905	   1.12016
  1100	   0.63659	   0.78348	   0.04927	   0.90059
  1101	   0.70814	   0.78787	   0.05409	   0.90943
  1102	   0.75230	   0.79149	   0.13693	   1.04121
  1103	   0.83135	   0.79196	   0.04409	   2.14211
  1104	   0.77351	   0.79060	   0.23543	   1.22523
  1105	   0.76445	   0.79048	   0.10082	   1.50000
  1106	   0.70737	   0.79048	   0.03316	   0.91506
  1107	   0.63222	   0.78348	   0.03635	   0.90059
  1108	   0.90730	   0.79669	   0.08023	   2.62220
  1109	   0.81286	   0.79349	   0.04624	   2.31265
  1110	   0.77694	   0.79196	   0.09543	   1.55480
  1111	   0.83766	   0.79450	   0.03216	   1.76561
  1112	   0.67371	   0.78750	   0.02482	   0.91202
  1113	   0.73560	   0.79048	   0.03711	   1.27288
  1114	   1.08551	   0.79368	   0.06782	   4.89513
  1115	   0.66944	   0.78787	   0.02039	   1.03206
  1116	   0.80827	   0.79370	   0.08433	   1.53788
  1117	   1.04508	   0.80318	   0.53589	   3.50767
  1118	   0.64094	   0.78348	   0.06045	   0.90059
  1119	   0.84226	   0.79368	   0.15198	   2.08851
  1120	   0.87222	   0.79560	   0.30966	   2.04400
  1121	   0.71980	   0.79060	   0.04323	   1.07670
  1122	   1.07961	   0.80047	   0.23429	   3.09699
  1123	   0.86195	   0.79455	   0.01630	   2.36280
  1124	   0.84137	   0.79370	   0.04188	   2.69477
  1125	   0.68485	   0.78650	   0.09094	   0.91202
  1126	   0.80264	   0.78916	   0.14712	   2.08795
  1127	   0.73886	   0.78883	   0.03425	   2.08795
  1128	   0.95247	   0.79450	   0.13968	   3.13780
  1129	   0.87738	   0.79060	   0.07167	   3.33893
  1130	   0.60226	   0.78348	   0.00379	   0.90059