Loci	Mean_rho	Median	L95	U95
     0	2115.82432	2237.71223	 397.95066	2378.29918
     1	   1.22432	   1.48388	   0.02107	   2.04185
     2	   1.27963	   1.48388	   0.03526	   2.04185
     3	   1.19700	   1.48388	   0.00329	   2.04185
     4	   1.20850	   1.48388	   0.00955	   2.04185
     5	   1.31741	   1.48663	   0.05487	   2.04185
     6	   1.29004	   1.48388	   0.02053	   2.04185
     7	   1.19957	   1.48388	   0.01293	   2.04185
     8	   1.20406	   1.48388	   0.00957	   2.04185
     9	   1.31467	   1.48663	   0.07114	   2.04185
    10	   1.30049	   1.48388	   0.06858	   2.04185
    11	   1.28943	   1.48388	   0.16917	   2.04185
    12	   1.31826	   1.48847	   0.03630	   2.12280
    13	   1.30314	   1.48388	   0.18926	   2.04185
    14	   1.44152	   1.52022	   0.03079	   2.42739
    15	   1.57808	   1.62592	   0.18276	   2.04718
    16	   1.26026	   1.48388	   0.05067	   2.04185
    17	   1.31427	   1.48388	   0.06283	   2.04185
    18	   1.44654	   1.52345	   0.15054	   2.31379
    19	   1.22546	   1.48388	   0.02397	   2.04185
    20	   1.34898	   1.48388	   0.03280	   2.04185
    21	   1.22583	   1.48388	   0.00804	   2.04185
    22	   1.20865	   1.48388	   0.02233	   2.04185
    23	   1.51806	   1.59329	   0.13142	   2.32228
    24	   1.32732	   1.48425	   0.03725	   2.04185
    25	   1.30491	   1.48388	   0.03874	   2.04185
    26	   1.34374	   1.48663	   0.03881	   2.04185
    27	   1.35008	   1.49269	   0.04704	   2.12031
    28	   1.92463	   1.65371	   0.07401	   4.87911
    29	   1.35275	   1.49269	   0.04155	   2.13463
    30	   1.48959	   1.55812	   0.08712	   2.39047
    31	   1.28552	   1.49269	   0.02241	   2.26301
    32	   1.59134	   1.63692	   0.15176	   2.72616
    33	   1.30705	   1.48847	   0.04357	   2.13463
    34	   1.24278	   1.48663	   0.03545	   2.04718
    35	   1.24284	   1.48663	   0.01750	   2.04718
    36	   2.40961	   1.68995	   0.19258	   6.07020
    37	   1.68960	   1.58999	   0.03079	   3.35987
    38	   1.42790	   1.52345	   0.09414	   2.26301
    39	   1.24822	   1.48847	   0.00152	   2.04718
    40	   1.25039	   1.48847	   0.03079	   2.04718
    41	   1.34218	   1.48663	   0.05354	   2.04718
    42	   1.41223	   1.50507	   0.15257	   2.07413
    43	   1.51442	   1.58204	   0.06171	   2.66898
    44	   1.22015	   1.47716	   0.06284	   2.04185
    45	   0.99927	   1.33867	   0.00781	   2.03566
    46	   0.86780	   0.41363	   0.02609	   1.99754
    47	   0.54336	   0.21459	   0.03947	   1.75778
    48	   0.28872	   0.19936	   0.04084	   1.48388
    49	   0.25079	   0.21148	   0.07347	   0.72899
    50	   0.41614	   0.21290	   0.05080	   1.97199
    51	   0.18161	   0.19781	   0.00688	   0.24253
    52	   0.47952	   0.21931	   0.17069	   2.11904
    53	   0.20243	   0.20154	   0.01684	   0.29768
    54	   0.45574	   0.21290	   0.07984	   2.77072
    55	   0.18615	   0.19807	   0.06643	   0.24770
    56	   0.28665	   0.20932	   0.08082	   1.10886
    57	   0.22030	   0.20220	   0.03079	   0.47830
    58	   0.16440	   0.19727	   0.01441	   0.24233
    59	   0.17149	   0.19781	   0.00350	   0.24770
    60	   0.29562	   0.20837	   0.03079	   0.94651
    61	   0.32416	   0.21210	   0.04933	   1.34070
    62	   0.18468	   0.19911	   0.04759	   0.24770
    63	   0.33778	   0.21093	   0.03105	   1.73430
    64	   0.16845	   0.19911	   0.01379	   0.24770
    65	   0.18133	   0.19911	   0.03079	   0.24770
    66	   0.19234	   0.20154	   0.04463	   0.28216
    67	   0.20822	   0.20220	   0.01480	   0.81261
    68	   0.23934	   0.21148	   0.08364	   0.49374
    69	   0.29019	   0.21619	   0.16558	   0.94472
    70	   0.18938	   0.20154	   0.02450	   0.29795
    71	   0.24243	   0.21148	   0.03721	   0.50404
    72	   0.17985	   0.20231	   0.01870	   0.26626
    73	   0.22208	   0.20775	   0.03234	   0.56369
    74	   0.23449	   0.20775	   0.02878	   0.65901
    75	   0.16885	   0.19911	   0.00672	   0.24770
    76	   0.18090	   0.19911	   0.05944	   0.25548
    77	   0.24292	   0.20777	   0.04703	   0.80218
    78	   0.18773	   0.20231	   0.04076	   0.25548
    79	   0.22886	   0.21290	   0.05764	   0.44009
    80	   0.27431	   0.21290	   0.05448	   0.74987
    81	   0.26247	   0.21228	   0.06389	   1.03387
    82	   0.18404	   0.20220	   0.02550	   0.32049
    83	   0.22831	   0.20247	   0.03464	   0.40809
    84	   0.19158	   0.20247	   0.02948	   0.32411
    85	   0.21964	   0.20154	   0.01127	   0.85873
    86	   0.16938	   0.19911	   0.00400	   0.24253
    87	   0.17969	   0.19971	   0.01499	   0.24770
    88	   0.19712	   0.20247	   0.07819	   0.32565
    89	   0.22694	   0.20247	   0.04494	   0.56312
    90	   0.16578	   0.19781	   0.01311	   0.24770
    91	   0.26331	   0.21093	   0.08426	   0.77479
    92	   0.43812	   0.21619	   0.04552	   1.83408
    93	   0.19488	   0.20231	   0.03953	   0.28834
    94	   0.25696	   0.21459	   0.03079	   0.84694
    95	   0.27618	   0.21290	   0.09551	   0.68042
    96	   0.18032	   0.19781	   0.03549	   0.24770
    97	   0.18221	   0.19727	   0.02848	   0.24253
    98	   0.30788	   0.21459	   0.10142	   0.91436
    99	   0.33417	   0.21611	   0.16001	   1.11207
   100	   0.18345	   0.19936	   0.03463	   0.31824
   101	   0.29290	   0.21290	   0.07709	   0.83804
   102	   0.27663	   0.21459	   0.10973	   0.82371
   103	   0.41884	   0.21990	   0.11728	   1.67629
   104	   0.48791	   0.21867	   0.06580	   2.10123
   105	   0.21986	   0.20220	   0.01539	   0.82371
   106	   0.24301	   0.20514	   0.02167	   0.83776
   107	   0.29174	   0.21459	   0.03305	   0.84124
   108	   0.52686	   0.53174	   0.08462	   0.94800
   109	   0.67278	   0.80927	   0.15212	   1.39660
   110	   0.71374	   0.82371	   0.10324	   1.02027
   111	   0.61160	   0.82112	   0.01173	   0.91547
   112	   0.64571	   0.82411	   0.01547	   0.91547
   113	   0.88119	   0.84174	   0.37555	   1.24111
   114	   0.74968	   0.83241	   0.02612	   0.99880
   115	   0.95144	   0.85057	   0.06913	   2.74302
   116	   0.67012	   0.82473	   0.02220	   0.93317
   117	   0.67018	   0.82473	   0.07624	   0.93317
   118	   0.68352	   0.82411	   0.09603	   0.91547
   119	   0.92110	   0.84124	   0.14130	   1.81906
   120	   0.73756	   0.82950	   0.00814	   1.87368
   121	   0.68250	   0.82548	   0.03079	   0.93590
   122	   0.85619	   0.83776	   0.15561	   1.47099
   123	   0.88744	   0.82971	   0.05934	   3.67456
   124	   0.75368	   0.82565	   0.11482	   0.94751
   125	   0.72919	   0.82584	   0.05251	   1.11071
   126	   0.67167	   0.82565	   0.00016	   0.93590
   127	   0.90653	   0.83776	   0.17128	   2.29136
   128	   1.14892	   0.83804	   0.05575	   3.73597
   129	   1.17209	   0.85124	   0.08549	   3.25499
   130	   0.63369	   0.82473	   0.01293	   0.93317
   131	   0.64861	   0.82473	   0.01635	   0.93317
   132	   0.78945	   0.83593	   0.08356	   1.37082
   133	   0.74471	   0.82950	   0.02930	   1.14691
   134	   1.17747	   0.85057	   0.13850	   3.36615
   135	   0.83030	   0.83776	   0.03624	   1.70224
   136	   0.66966	   0.82473	   0.06548	   0.93317
   137	   0.73427	   0.82950	   0.09252	   1.21497
   138	   0.74657	   0.82548	   0.07561	   0.93590
   139	   0.98486	   0.84040	   0.03079	   2.52803
   140	   0.84741	   0.83910	   0.03769	   1.62265
   141	   0.84565	   0.83655	   0.04510	   1.79075
   142	   0.63691	   0.82411	   0.01611	   0.91547
   143	   0.66737	   0.82411	   0.02627	   0.91547
   144	   0.68947	   0.82548	   0.01824	   0.93317
   145	   0.98030	   0.83910	   0.06950	   2.46410
   146	   0.62841	   0.82411	   0.00140	   0.91547
   147	   0.68381	   0.82473	   0.10945	   0.93317
   148	   0.86527	   0.83241	   0.03079	   2.73991
   149	   0.65666	   0.82473	   0.01288	   0.93317
   150	   0.80021	   0.83285	   0.05537	   1.13055
   151	   0.76169	   0.82971	   0.04405	   1.27387
   152	   0.64514	   0.82473	   0.01707	   0.93317
   153	   1.17960	   0.84124	   0.04909	   4.28210
   154	   0.66634	   0.82565	   0.00158	   0.94751
   155	   0.69933	   0.82565	   0.03202	   0.93590
   156	   0.85552	   0.83218	   0.03079	   2.29173
   157	   0.69320	   0.82473	   0.04824	   0.93317
   158	   0.84037	   0.83285	   0.02313	   1.81648
   159	   0.94890	   0.84124	   0.13199	   2.27273
   160	   0.70404	   0.82473	   0.12482	   0.92861
   161	   0.62454	   0.82473	   0.00973	   0.92861
   162	   0.62966	   0.82473	   0.02360	   0.92861
   163	   0.91478	   0.83593	   0.04649	   2.50596
   164	   0.62957	   0.82473	   0.00733	   0.92861
   165	   0.63458	   0.82473	   0.00268	   0.92861
   166	   0.84133	   0.83285	   0.03588	   2.38119
   167	   0.78338	   0.82971	   0.06317	   0.94751
   168	   0.62525	   0.82473	   0.00331	   0.92861
   169	   0.63605	   0.82473	   0.00947	   0.92861
   170	   0.96927	   0.84124	   0.04901	   2.52449
   171	   1.05886	   0.84124	   0.18357	   2.63315
   172	   0.64728	   0.82473	   0.01013	   0.92861
   173	   0.90513	   0.84124	   0.11746	   1.42945
   174	   0.89629	   0.83655	   0.01690	   2.50287
   175	   0.67247	   0.82473	   0.03033	   0.92861
   176	   0.66394	   0.82565	   0.03070	   0.93317
   177	   0.71491	   0.82971	   0.01960	   1.26412
   178	   0.67599	   0.82565	   0.01687	   0.93317
   179	   0.84189	   0.83285	   0.05233	   2.40281
   180	   0.64126	   0.82473	   0.01134	   0.93317
   181	   0.63377	   0.82473	   0.01376	   0.93317
   182	   0.86242	   0.83804	   0.15398	   1.79164
   183	   0.93526	   0.83776	   0.25024	   2.20002
   184	   0.67241	   0.82411	   0.04279	   0.91547
   185	   0.73782	   0.82971	   0.03079	   1.02702
   186	   0.78484	   0.82971	   0.03742	   1.61852
   187	   0.69519	   0.82411	   0.07339	   0.91547
   188	   0.75713	   0.82754	   0.07662	   1.01287
   189	   0.75526	   0.83218	   0.04077	   1.26361
   190	   0.63764	   0.82411	   0.01904	   0.91547
   191	   0.75112	   0.82548	   0.24625	   0.91547
   192	   0.66607	   0.82411	   0.04171	   0.91547
   193	   1.03237	   0.84124	   0.11525	   2.62663
   194	   0.62043	   0.82411	   0.00160	   0.91547
   195	   0.69370	   0.82473	   0.06871	   0.91547
   196	   0.62699	   0.82411	   0.00877	   0.91547
   197	   0.65574	   0.82411	   0.04648	   0.91547
   198	   0.75901	   0.83218	   0.05634	   1.32931
   199	   0.76184	   0.82950	   0.02552	   1.37973
   200	   0.65640	   0.82548	   0.01496	   0.93590
   201	   0.91296	   0.83776	   0.26276	   2.22810
   202	   0.80290	   0.83241	   0.02183	   1.29489
   203	   0.80247	   0.83241	   0.04826	   1.72594
   204	   0.81995	   0.83241	   0.03079	   2.31371
   205	   0.97425	   0.85124	   0.29787	   2.22306
   206	   0.85986	   0.83854	   0.23807	   1.65426
   207	   0.80157	   0.83655	   0.03079	   1.21885
   208	   0.81922	   0.83804	   0.13880	   1.19230
   209	   0.80817	   0.83285	   0.03599	   1.48904
   210	   0.82476	   0.83593	   0.05005	   1.68969
   211	   0.78419	   0.83218	   0.06626	   1.55849
   212	   0.76384	   0.83241	   0.02820	   1.30356
   213	   0.84851	   0.83285	   0.09319	   2.00451
   214	   0.73437	   0.83241	   0.00665	   1.35275
   215	   1.00947	   0.84549	   0.16078	   3.27679
   216	   0.90722	   0.83776	   0.07269	   3.01057
   217	   1.07060	   0.84040	   0.10212	   3.62076
   218	   0.75010	   0.82950	   0.05334	   0.97294
   219	   1.05046	   0.85376	   0.15000	   2.83204
   220	   0.73610	   0.83241	   0.02746	   1.00702
   221	   0.88498	   0.83655	   0.05737	   2.91008
   222	   0.86450	   0.83593	   0.05922	   1.97103
   223	   0.98525	   0.85025	   0.06752	   2.43772
   224	   0.68725	   0.82411	   0.03079	   0.91547
   225	   0.69488	   0.82754	   0.03357	   0.94751
   226	   0.69335	   0.82565	   0.08830	   0.94751
   227	   0.73336	   0.82565	   0.06243	   0.94751
   228	   0.77724	   0.83218	   0.09158	   1.29596
   229	   0.65744	   0.82411	   0.01590	   0.91547
   230	   0.69992	   0.82584	   0.01198	   0.93590
   231	   0.74050	   0.82754	   0.07517	   1.10596
   232	   0.95926	   0.85057	   0.38573	   2.03233
   233	   0.81430	   0.83655	   0.04540	   1.53986
   234	   0.80660	   0.83241	   0.16469	   1.32990
   235	   0.82606	   0.83593	   0.01426	   1.82882
   236	   0.64066	   0.82548	   0.00151	   0.93590
   237	   0.79753	   0.83593	   0.06316	   1.44501
   238	   0.83346	   0.83776	   0.05684	   1.62400
   239	   1.05687	   0.85057	   0.20037	   3.08926
   240	   0.83492	   0.83776	   0.25480	   1.63490
   241	   0.68886	   0.82548	   0.02280	   0.93590
   242	   0.64054	   0.82473	   0.01992	   0.93317
   243	   0.70070	   0.82473	   0.05279	   0.93317
   244	   0.89070	   0.84124	   0.18376	   1.27878
   245	   0.63275	   0.82548	   0.00386	   0.93317
   246	   0.68370	   0.82565	   0.07244	   0.93590
   247	   1.01713	   0.83910	   0.21258	   3.80446
   248	   0.87986	   0.83285	   0.11338	   1.90534
   249	   0.64172	   0.82473	   0.00948	   0.93317
   250	   0.77181	   0.82971	   0.03079	   1.54117
   251	   0.71912	   0.82473	   0.04816	   0.93317
   252	   0.63134	   0.82473	   0.00517	   0.93317
   253	   0.84522	   0.83593	   0.20095	   1.10812
   254	   0.62867	   0.82473	   0.00427	   0.93317
   255	   0.62615	   0.82411	   0.01531	   0.91547
   256	   0.88629	   0.83776	   0.04236	   2.54079
   257	   0.96532	   0.85025	   0.07476	   2.54079
   258	   1.10305	   0.85025	   0.02176	   3.70620
   259	   0.72420	   0.82950	   0.16976	   0.91547
   260	   0.87743	   0.83910	   0.07818	   1.56567
   261	   0.73111	   0.82565	   0.02774	   1.93181
   262	   0.59726	   0.81925	   0.00357	   0.91547
   263	   0.78235	   0.82971	   0.19129	   1.35228
   264	   0.80009	   0.82565	   0.07642	   2.31562
   265	   0.63721	   0.81645	   0.03366	   1.34407
   266	   0.54836	   0.76507	   0.00881	   0.90148
   267	   0.67067	   0.70185	   0.10912	   1.76183
   268	   0.38003	   0.29730	   0.00750	   0.89575
   269	   0.41477	   0.30149	   0.02238	   0.89575
   270	   0.45373	   0.31070	   0.07686	   0.90148
   271	   0.43062	   0.30587	   0.02016	   0.90154
   272	   0.48636	   0.31308	   0.01728	   1.37680
   273	   0.36501	   0.29610	   0.02850	   0.87270
   274	   0.39028	   0.29812	   0.02922	   0.90148
   275	   0.40798	   0.30881	   0.01286	   0.89967
   276	   0.57318	   0.30666	   0.08215	   2.24848
   277	   0.35644	   0.29730	   0.06572	   0.86772
   278	   0.33555	   0.29433	   0.02225	   0.94589
   279	   0.39233	   0.29697	   0.05122	   1.40603
   280	   0.35771	   0.29433	   0.03890	   1.26623
   281	   0.26557	   0.28573	   0.08540	   0.33481
   282	   0.26160	   0.28711	   0.03328	   0.34282
   283	   0.24007	   0.28711	   0.00287	   0.34282
   284	   0.23192	   0.28573	   0.01862	   0.33481
   285	   0.28834	   0.29037	   0.03049	   0.96305
   286	   0.50743	   0.29652	   0.02758	   2.92108
   287	   0.40130	   0.29697	   0.06616	   1.47860
   288	   0.26980	   0.29037	   0.02694	   0.37780
   289	   0.25191	   0.28915	   0.01639	   0.34151
   290	   0.29350	   0.29350	   0.08894	   0.47567
   291	   0.27373	   0.29037	   0.03347	   0.35391
   292	   0.27096	   0.29037	   0.06754	   0.39839
   293	   0.30006	   0.29350	   0.03079	   0.72982
   294	   0.36372	   0.29763	   0.18986	   1.41143
   295	   0.32627	   0.29697	   0.04630	   0.75255
   296	   0.35075	   0.29730	   0.12394	   1.03940
   297	   0.25346	   0.28801	   0.02218	   0.55926
   298	   0.30896	   0.29417	   0.05341	   0.62626
   299	   0.27159	   0.28915	   0.04086	   0.34282
   300	   0.24031	   0.28485	   0.02573	   0.32831
   301	   0.27328	   0.29037	   0.03868	   0.51012
   302	   0.24214	   0.28711	   0.00841	   0.34115
   303	   0.33547	   0.29730	   0.04143	   0.87712
   304	   0.49344	   0.29827	   0.13813	   1.90295
   305	   0.50400	   0.29442	   0.03079	   1.95931
   306	   0.30292	   0.29350	   0.06483	   0.64509
   307	   0.47280	   0.29763	   0.04630	   2.42198
   308	   0.26595	   0.28883	   0.03585	   0.42191
   309	   0.37999	   0.29610	   0.07831	   1.22945
   310	   0.25020	   0.28711	   0.05261	   0.34282
   311	   0.22952	   0.28485	   0.02105	   0.32831
   312	   0.27386	   0.28883	   0.02344	   0.52904
   313	   0.27711	   0.29186	   0.02869	   0.37408
   314	   0.28543	   0.28915	   0.10174	   0.36255
   315	   0.27448	   0.28915	   0.02024	   0.58062
   316	   0.23745	   0.28613	   0.02160	   0.33481
   317	   0.31354	   0.29697	   0.10765	   0.56887
   318	   0.37767	   0.29433	   0.02375	   1.50359
   319	   0.31854	   0.29186	   0.05454	   0.95046
   320	   0.29617	   0.29176	   0.07524	   0.84200
   321	   0.24911	   0.28711	   0.03866	   0.33481
   322	   0.46580	   0.29730	   0.07714	   1.58244
   323	   0.27743	   0.29044	   0.01550	   0.44695
   324	   0.49315	   0.29697	   0.20582	   2.32806
   325	   0.26557	   0.28915	   0.05067	   0.41305
   326	   0.49285	   0.29610	   0.04099	   1.72218
   327	   0.36617	   0.29652	   0.02153	   1.19883
   328	   0.22491	   0.28573	   0.00307	   0.33481
   329	   0.28369	   0.29341	   0.06988	   0.48039
   330	   0.25086	   0.28573	   0.03140	   0.33481
   331	   0.25470	   0.28883	   0.03114	   0.42047
   332	   0.24550	   0.28573	   0.03083	   0.32831
   333	   0.24411	   0.28573	   0.03041	   0.32831
   334	   0.23852	   0.28711	   0.01124	   0.34115
   335	   0.22476	   0.28485	   0.00617	   0.32831
   336	   0.24780	   0.28613	   0.02145	   0.33481
   337	   0.29490	   0.29433	   0.03355	   0.51518
   338	   0.35818	   0.29730	   0.11972	   1.13791
   339	   0.23552	   0.28711	   0.00263	   0.34282
   340	   0.53296	   0.29827	   0.09512	   2.29609
   341	   0.34007	   0.29763	   0.05709	   1.08719
   342	   0.23418	   0.28573	   0.01705	   0.33481
   343	   0.23819	   0.28613	   0.00585	   0.34115
   344	   0.62227	   0.30122	   0.06172	   2.48734
   345	   0.33144	   0.29433	   0.05013	   0.83437
   346	   0.41950	   0.29442	   0.02894	   2.59183
   347	   0.27317	   0.29044	   0.07489	   0.37118
   348	   0.36937	   0.29652	   0.13877	   1.21456
   349	   0.25992	   0.28883	   0.05623	   0.34588
   350	   0.27114	   0.28883	   0.07111	   0.33481
   351	   0.23200	   0.28573	   0.00529	   0.33481
   352	   0.44371	   0.29827	   0.16637	   1.54570
   353	   0.27594	   0.28801	   0.00902	   0.34282
   354	   0.24024	   0.28711	   0.00253	   0.34115
   355	   0.40230	   0.29776	   0.03188	   1.11367
   356	   0.31020	   0.29652	   0.08876	   0.51924
   357	   0.29510	   0.29350	   0.05985	   0.61526
   358	   0.25221	   0.28801	   0.01112	   0.38843
   359	   0.30848	   0.29442	   0.06123	   0.53656
   360	   0.37154	   0.29771	   0.10131	   1.10668
   361	   0.33970	   0.29763	   0.08847	   0.76639
   362	   0.31369	   0.29763	   0.10785	   0.62300
   363	   0.38778	   0.29610	   0.08947	   1.75995
   364	   0.39241	   0.29442	   0.01507	   1.06636
   365	   0.23843	   0.28711	   0.01110	   0.34282
   366	   0.40121	   0.29827	   0.05130	   1.21529
   367	   0.24227	   0.28801	   0.00601	   0.40382
   368	   0.31423	   0.29730	   0.02558	   0.63144
   369	   0.26879	   0.28915	   0.03247	   0.38172
   370	   0.26970	   0.28883	   0.03267	   0.40382
   371	   0.34014	   0.29610	   0.10912	   0.70272
   372	   0.26029	   0.29176	   0.00452	   0.40382
   373	   0.27813	   0.29044	   0.00412	   0.49963
   374	   0.25856	   0.28613	   0.00878	   0.49963
   375	   0.33467	   0.29186	   0.02619	   1.09685
   376	   0.29046	   0.28883	   0.01021	   1.51423
   377	   0.32713	   0.29037	   0.01117	   1.70787
   378	   0.37673	   0.29037	   0.03149	   1.70787
   379	   0.46877	   0.29827	   0.04882	   1.70787
   380	   0.81559	   0.38342	   0.08123	   1.84665
   381	   1.17720	   1.57305	   0.06209	   3.20585
   382	   1.19391	   1.59509	   0.03079	   2.02299
   383	   1.37765	   1.62061	   0.03388	   2.12334
   384	   1.46674	   1.62932	   0.31400	   2.06156
   385	   1.50977	   1.64088	   0.18283	   2.06139
   386	   1.61663	   1.65039	   0.27397	   3.09205
   387	   1.31194	   1.61639	   0.05525	   2.06139
   388	   1.31321	   1.61639	   0.03297	   2.06139
   389	   1.62256	   1.66634	   0.05523	   2.89175
   390	   1.32503	   1.61639	   0.05480	   2.02299
   391	   1.55365	   1.63424	   0.06757	   2.11763
   392	   1.31516	   1.61639	   0.02139	   2.02299
   393	   1.53870	   1.63174	   0.04164	   2.30345
   394	   1.32733	   1.61660	   0.00862	   2.06139
   395	   1.27932	   1.61660	   0.00435	   2.06139
   396	   1.62102	   1.66453	   0.15580	   2.61291
   397	   1.29372	   1.61639	   0.02996	   2.02299
   398	   1.87560	   1.66634	   0.13326	   9.06388
   399	   1.42661	   1.62680	   0.11072	   2.06156
   400	   1.39415	   1.62225	   0.03388	   2.02299
   401	   1.36425	   1.62680	   0.05032	   2.06156
   402	   1.53150	   1.63174	   0.28557	   2.30921
   403	   1.74022	   1.69271	   0.08072	   3.76781
   404	   1.32809	   1.62680	   0.04459	   2.02299
   405	   1.50264	   1.63424	   0.07404	   2.62711
   406	   1.72566	   1.69271	   0.16914	   2.77446
   407	   1.82247	   1.69747	   0.04519	   3.65788
   408	   1.28457	   1.61639	   0.01750	   2.02299
   409	   1.41246	   1.62751	   0.04018	   2.09436
   410	   1.77676	   1.68070	   0.05554	   4.47077
   411	   1.42129	   1.61639	   0.05253	   2.02299
   412	   1.42075	   1.61639	   0.02872	   2.02299
   413	   1.27576	   1.62061	   0.01235	   2.06139
   414	   2.42779	   1.75677	   0.17192	   9.34858
   415	   1.33674	   1.62680	   0.03079	   2.06139
   416	   1.71276	   1.66634	   0.13353	   4.16892
   417	   1.51300	   1.62932	   0.05390	   2.06139
   418	   1.84005	   1.69747	   0.03079	   4.09935
   419	   1.40038	   1.62751	   0.05317	   2.09436
   420	   1.38088	   1.61639	   0.08846	   2.02299
   421	   1.55853	   1.65039	   0.07471	   3.06213
   422	   1.66372	   1.65728	   0.25488	   3.19464
   423	   1.26957	   1.61639	   0.00099	   2.02299
   424	   1.58838	   1.65039	   0.07799	   2.43458
   425	   1.29136	   1.61639	   0.02574	   2.02299
   426	   1.30100	   1.61639	   0.03719	   2.02299
   427	   1.68077	   1.66634	   0.15102	   3.80862
   428	   1.78299	   1.71899	   0.22776	   3.03620
   429	   1.48650	   1.65039	   0.10782	   2.09436
   430	   1.53349	   1.63174	   0.25718	   2.06156
   431	   1.35770	   1.61639	   0.06432	   2.02299
   432	   1.68851	   1.68070	   0.10147	   2.98716
   433	   1.29973	   1.62061	   0.02632	   2.02299
   434	   1.30877	   1.62061	   0.03148	   2.02299
   435	   1.50603	   1.63124	   0.09993	   2.06156
   436	   1.29989	   1.62061	   0.02019	   2.02299
   437	   1.65540	   1.68070	   0.08534	   2.55027
   438	   1.38628	   1.61639	   0.05170	   2.02299
   439	   1.31003	   1.61639	   0.04743	   2.02299
   440	   1.57329	   1.63424	   0.06578	   2.26682
   441	   1.48578	   1.62932	   0.10633	   2.06139
   442	   1.27654	   1.61639	   0.00586	   2.02299
   443	   1.39389	   1.61639	   0.08014	   2.02299
   444	   1.40364	   1.61639	   0.03383	   2.02299
   445	   1.26852	   1.61639	   0.00901	   2.02299
   446	   1.40698	   1.62932	   0.03617	   2.06156
   447	   1.42693	   1.62751	   0.04805	   2.06139
   448	   1.33518	   1.62751	   0.03079	   2.06139
   449	   1.34252	   1.62751	   0.01401	   2.06139
   450	   1.39309	   1.63124	   0.04058	   2.06139
   451	   1.27661	   1.61639	   0.01956	   2.02299
   452	   1.46740	   1.63124	   0.03079	   2.13248
   453	   1.80875	   1.70787	   0.09502	   4.27281
   454	   1.48200	   1.62932	   0.11869	   2.06139
   455	   1.35841	   1.61639	   0.03869	   2.02299
   456	   1.47548	   1.62680	   0.05530	   2.02299
   457	   1.41802	   1.61639	   0.03079	   2.02299
   458	   1.29954	   1.61639	   0.03294	   2.02299
   459	   1.48385	   1.62932	   0.07870	   2.34980
   460	   1.49720	   1.63124	   0.19938	   2.09436
   461	   1.26818	   1.61639	   0.02865	   2.02299
   462	   1.26437	   1.61639	   0.01082	   2.02299
   463	   1.33799	   1.61639	   0.08204	   2.02299
   464	   1.34475	   1.61639	   0.08204	   2.02299
   465	   1.42750	   1.62751	   0.15283	   2.06156
   466	   1.61022	   1.66207	   0.10414	   2.31280
   467	   1.43749	   1.62680	   0.05679	   2.06156
   468	   1.54754	   1.66207	   0.07376	   2.51137
   469	   2.43792	   1.74669	   0.08951	   7.89700
   470	   1.33113	   1.62680	   0.02415	   2.06156
   471	   1.80325	   1.71899	   0.03121	   4.07035
   472	   1.47595	   1.62932	   0.05167	   2.06156
   473	   1.28469	   1.62680	   0.00102	   2.06139
   474	   1.30308	   1.62680	   0.00513	   2.06139
   475	   1.35430	   1.62061	   0.04016	   2.06139
   476	   1.51260	   1.63174	   0.10667	   2.09436
   477	   1.45256	   1.62751	   0.12026	   2.09436
   478	   1.64973	   1.66453	   0.20214	   2.72766
   479	   1.66470	   1.66453	   0.10331	   3.56481
   480	   1.31577	   1.61639	   0.04856	   2.02299
   481	   1.33190	   1.61639	   0.03911	   2.02299
   482	   1.27650	   1.61639	   0.03629	   2.02299
   483	   1.33083	   1.61639	   0.03079	   2.02299
   484	   1.35784	   1.62061	   0.07159	   2.02299
   485	   1.55825	   1.63424	   0.16759	   2.91728
   486	   1.94843	   1.72708	   0.13603	   4.96176
   487	   1.74817	   1.69747	   0.22423	   3.55992
   488	   1.29725	   1.61639	   0.04794	   2.02299
   489	   1.74827	   1.72708	   0.10375	   2.77102
   490	   1.38546	   1.62680	   0.03152	   2.06156
   491	   1.45543	   1.62932	   0.03160	   2.09436
   492	   1.35753	   1.62751	   0.05576	   2.06156
   493	   1.39363	   1.62932	   0.04903	   2.06139
   494	   1.58968	   1.66207	   0.06309	   2.16798
   495	   1.57598	   1.66207	   0.08850	   2.79664
   496	   1.50536	   1.63174	   0.03079	   2.11210
   497	   1.49196	   1.63424	   0.04427	   2.12238
   498	   1.43092	   1.62751	   0.03079	   2.02299
   499	   1.52196	   1.62932	   0.08164	   2.06156
   500	   1.29263	   1.61639	   0.03765	   2.02299
   501	   1.95560	   1.73073	   0.07698	   6.32764
   502	   1.95106	   1.71899	   0.11489	   7.35440
   503	   2.13320	   1.75121	   0.51830	   6.22145
   504	   1.33297	   1.62061	   0.04866	   2.06139
   505	   1.33300	   1.62751	   0.01601	   2.06156
   506	   1.86708	   1.70787	   0.14124	   4.55945
   507	   1.37814	   1.62061	   0.13389	   2.06139
   508	   1.32118	   1.60948	   0.04878	   2.02299
   509	   1.29262	   1.60948	   0.08075	   2.02299
   510	   1.23874	   1.60720	   0.02218	   2.02299
   511	   1.64363	   1.68070	   0.58588	   2.62374
   512	   1.18359	   1.57305	   0.03270	   2.02299
   513	   1.78040	   1.59353	   0.33373	   7.38941
   514	   1.10466	   1.10501	   0.15053	   2.01919
   515	   0.92544	   0.62843	   0.07549	   1.77087
   516	   0.61190	   0.61435	   0.02108	   1.60720
   517	   0.53796	   0.60568	   0.03063	   0.85081
   518	   0.48070	   0.60023	   0.03079	   0.63773
   519	   0.63493	   0.61003	   0.01105	   1.83796
   520	   0.48911	   0.60023	   0.04595	   0.63773
   521	   0.56826	   0.60672	   0.09831	   0.79686
   522	   0.49055	   0.60023	   0.06188	   0.63773
   523	   0.52153	   0.60568	   0.07820	   0.71785
   524	   0.58970	   0.61003	   0.09341	   1.02081
   525	   0.50405	   0.60089	   0.02951	   0.63773
   526	   0.61165	   0.61204	   0.25071	   1.01238
   527	   0.75816	   0.61902	   0.54997	   1.57329
   528	   0.46829	   0.60089	   0.00776	   0.65645
   529	   0.91781	   0.61821	   0.52414	   2.54072
   530	   0.55014	   0.60656	   0.03079	   0.97375
   531	   0.49069	   0.60440	   0.00332	   0.65786
   532	   0.48715	   0.60023	   0.06795	   0.63773
   533	   1.06940	   0.61763	   0.33802	   3.77560
   534	   0.45045	   0.59898	   0.01200	   0.63729
   535	   0.44765	   0.59898	   0.00934	   0.63729
   536	   0.51219	   0.60440	   0.05670	   0.77341
   537	   0.51298	   0.60120	   0.11651	   0.64466
   538	   0.50235	   0.60089	   0.02820	   0.65645
   539	   1.33614	   0.61763	   0.08114	   5.62619
   540	   0.70690	   0.61536	   0.06725	   2.05721
   541	   0.60111	   0.61311	   0.16001	   1.05001
   542	   0.53664	   0.60812	   0.04995	   0.88991
   543	   0.52234	   0.60120	   0.01722	   0.65786
   544	   0.85286	   0.61702	   0.21352	   3.11939
   545	   0.52461	   0.60440	   0.02676	   0.63773
   546	   0.60079	   0.61204	   0.23118	   0.96634
   547	   0.48966	   0.60023	   0.01971	   0.63773
   548	   0.45230	   0.59898	   0.00830	   0.63729
   549	   0.54166	   0.60672	   0.03284	   0.68951
   550	   0.56029	   0.60656	   0.14523	   0.85664
   551	   0.50689	   0.60089	   0.02550	   0.65645
   552	   0.53426	   0.60440	   0.05894	   0.67554
   553	   0.48891	   0.59898	   0.03079	   0.63729
   554	   0.46199	   0.59898	   0.01699	   0.63729
   555	   0.52130	   0.60440	   0.03882	   0.65786
   556	   0.63917	   0.61430	   0.11574	   1.33228
   557	   0.63955	   0.61311	   0.09491	   1.57492
   558	   0.54067	   0.60672	   0.03553	   0.86925
   559	   0.49530	   0.60120	   0.01751	   0.65786
   560	   0.50323	   0.60023	   0.07776	   0.63773
   561	   0.53489	   0.60656	   0.06624	   0.65786
   562	   0.49608	   0.60023	   0.01741	   0.63773
   563	   0.48553	   0.59898	   0.03080	   0.63729
   564	   0.52138	   0.60023	   0.01973	   0.63773
   565	   0.75426	   0.61536	   0.11972	   2.19593
   566	   0.49770	   0.60089	   0.02295	   0.65645
   567	   0.53183	   0.60568	   0.07468	   0.65786
   568	   0.69950	   0.61735	   0.24728	   1.95852
   569	   0.89389	   0.61763	   0.41251	   2.82173
   570	   0.55073	   0.60656	   0.06080	   0.98408
   571	   0.67774	   0.60568	   0.10954	   3.39885
   572	   0.49891	   0.59898	   0.05826	   0.63729
   573	   0.59806	   0.60672	   0.11149	   1.39707
   574	   0.52371	   0.60089	   0.07999	   0.63773
   575	   0.67570	   0.61435	   0.03079	   1.84812
   576	   0.53676	   0.60120	   0.12351	   0.65786
   577	   0.79618	   0.61536	   0.03306	   2.41100
   578	   0.53968	   0.60568	   0.05027	   0.75816
   579	   0.64644	   0.61430	   0.07986	   1.35785
   580	   0.47402	   0.59898	   0.03079	   0.63729
   581	   0.63908	   0.61065	   0.14565	   1.70095
   582	   0.44867	   0.59898	   0.00652	   0.63729
   583	   0.63933	   0.61003	   0.07184	   2.23523
   584	   0.69354	   0.61435	   0.03818	   2.23523
   585	   0.48045	   0.59898	   0.05005	   0.63729
   586	   0.69260	   0.61311	   0.12239	   1.80097
   587	   0.57767	   0.60656	   0.08590	   0.83740
   588	   0.46634	   0.59898	   0.02561	   0.63729
   589	   0.50779	   0.60120	   0.04767	   0.64824
   590	   0.61482	   0.61003	   0.02636	   1.39764
   591	   0.52509	   0.60089	   0.00965	   0.65645
   592	   0.50296	   0.60089	   0.04378	   0.65645
   593	   0.48628	   0.60089	   0.00864	   0.65645
   594	   0.71829	   0.61478	   0.03239	   1.84048
   595	   0.53572	   0.60812	   0.07360	   0.82673
   596	   0.62245	   0.61396	   0.03079	   1.07026
   597	   0.44816	   0.59898	   0.00334	   0.63729
   598	   0.62837	   0.61311	   0.06253	   1.32717
   599	   0.45476	   0.59898	   0.00931	   0.63729
   600	   0.48222	   0.59898	   0.03787	   0.63729
   601	   0.86469	   0.61702	   0.17322	   2.89051
   602	   0.52616	   0.60568	   0.02578	   0.65786
   603	   0.69374	   0.61536	   0.06263	   1.87552
   604	   0.52535	   0.60656	   0.00490	   1.05615
   605	   0.76668	   0.61737	   0.06874	   1.88579
   606	   0.66641	   0.61311	   0.03079	   2.25671
   607	   0.91922	   0.61478	   0.33023	   4.99933
   608	   0.65852	   0.61640	   0.06195	   1.34086
   609	   0.48092	   0.60023	   0.03953	   0.63773
   610	   0.60452	   0.60864	   0.08329	   1.13331
   611	   0.56617	   0.60656	   0.04798	   1.39682
   612	   0.65787	   0.61430	   0.12664	   1.75269
   613	   0.52117	   0.60120	   0.03079	   0.65786
   614	   0.51563	   0.60118	   0.04119	   0.63729
   615	   0.46075	   0.59898	   0.00645	   0.63729
   616	   0.51599	   0.60440	   0.03561	   0.66049
   617	   0.60231	   0.61396	   0.15210	   0.75609
   618	   0.46137	   0.60023	   0.00944	   0.63729
   619	   0.51206	   0.60568	   0.03079	   0.71748
   620	   0.53997	   0.60568	   0.08389	   0.66594
   621	   0.47713	   0.59898	   0.03260	   0.63729
   622	   0.64090	   0.61311	   0.13704	   1.46068
   623	   0.57574	   0.60568	   0.07610	   1.39892
   624	   0.67911	   0.61435	   0.03131	   1.69016
   625	   0.64868	   0.61396	   0.27309	   1.32233
   626	   0.64682	   0.60812	   0.03306	   2.14696
   627	   0.63538	   0.61204	   0.05251	   1.33292
   628	   0.76504	   0.61687	   0.08151	   2.58447
   629	   0.62291	   0.61065	   0.03079	   1.68879
   630	   0.76578	   0.61435	   0.03079	   2.16285
   631	   0.48038	   0.60023	   0.03166	   0.63773
   632	   0.57585	   0.60568	   0.06228	   1.68879
   633	   0.72295	   0.61396	   0.06742	   2.53465
   634	   0.67177	   0.61311	   0.15246	   1.47754
   635	   0.51063	   0.60023	   0.05048	   0.63729
   636	   0.52684	   0.60120	   0.04790	   0.63773
   637	   0.59522	   0.60864	   0.15933	   1.23802
   638	   0.63189	   0.61311	   0.03539	   1.75089
   639	   0.52042	   0.60433	   0.02516	   0.65786
   640	   0.57666	   0.60864	   0.08820	   1.03935
   641	   0.54805	   0.60568	   0.05026	   0.81004
   642	   0.49607	   0.60023	   0.05087	   0.63773
   643	   0.61319	   0.61396	   0.04520	   1.08418
   644	   0.47239	   0.60089	   0.01314	   0.65645
   645	   0.79260	   0.61687	   0.03079	   2.35225
   646	   0.48004	   0.59898	   0.04354	   0.63729
   647	   0.47992	   0.59898	   0.04213	   0.63729
   648	   0.49792	   0.60120	   0.05455	   0.63729
   649	   0.47257	   0.60023	   0.01018	   0.63729
   650	   0.59545	   0.61065	   0.22013	   0.81953
   651	   0.46534	   0.59898	   0.01438	   0.63729
   652	   0.50082	   0.60120	   0.04911	   0.63729
   653	   0.69391	   0.61702	   0.08364	   1.69168
   654	   0.50826	   0.60089	   0.01214	   0.65645
   655	   0.76750	   0.61065	   0.13461	   2.34008
   656	   0.48342	   0.60089	   0.00645	   0.65645
   657	   0.81057	   0.61702	   0.14690	   2.40485
   658	   0.49421	   0.60120	   0.04144	   0.65645
   659	   0.46413	   0.60023	   0.01020	   0.63729
   660	   0.68394	   0.61204	   0.03417	   1.89141
   661	   0.51375	   0.60440	   0.04847	   0.66527
   662	   0.45664	   0.60089	   0.00703	   0.63773
   663	   0.55789	   0.60656	   0.07597	   0.85014
   664	   0.45301	   0.60089	   0.00079	   0.63773
   665	   0.46042	   0.60023	   0.01296	   0.63729
   666	   0.48105	   0.60120	   0.02385	   0.63773
   667	   0.55243	   0.60568	   0.11456	   0.65786
   668	   0.57808	   0.61396	   0.02941	   0.93064
   669	   0.68376	   0.61536	   0.17196	   1.61807
   670	   0.88830	   0.61536	   0.18846	   3.95744
   671	   0.57123	   0.60568	   0.07357	   1.27737
   672	   0.48119	   0.60023	   0.02591	   0.63773
   673	   0.67673	   0.61396	   0.06537	   1.59435
   674	   0.64587	   0.61478	   0.11263	   1.06963
   675	   0.59151	   0.60864	   0.07090	   1.44733
   676	   0.56579	   0.60672	   0.05666	   1.03110
   677	   0.59403	   0.60656	   0.06969	   1.29393
   678	   0.57277	   0.61003	   0.09274	   0.97409
   679	   0.60722	   0.61396	   0.03986	   1.32097
   680	   0.84093	   0.61687	   0.03299	   2.80197
   681	   0.54455	   0.60568	   0.11681	   0.73126
   682	   0.56807	   0.60812	   0.03753	   0.96296
   683	   0.45854	   0.59898	   0.00682	   0.63729
   684	   0.74053	   0.61311	   0.03872	   2.58110
   685	   0.50544	   0.60089	   0.08046	   0.65645
   686	   0.67242	   0.61396	   0.09744	   1.92132
   687	   0.52100	   0.60440	   0.05471	   0.63729
   688	   0.58915	   0.61003	   0.06965	   1.60858
   689	   0.66104	   0.61435	   0.06965	   1.55749
   690	   0.49239	   0.59898	   0.05357	   0.63729
   691	   0.53630	   0.60568	   0.03853	   0.88030
   692	   0.50606	   0.60089	   0.03524	   0.63773
   693	   0.54161	   0.60672	   0.05476	   0.80858
   694	   0.69130	   0.61396	   0.20382	   1.85611
   695	   0.56641	   0.60568	   0.03162	   1.15371
   696	   0.69729	   0.61311	   0.03839	   2.61480
   697	   0.46922	   0.59898	   0.03079	   0.63729
   698	   0.46989	   0.59898	   0.02933	   0.63729
   699	   0.46250	   0.59898	   0.03352	   0.63729
   700	   0.48516	   0.60089	   0.04558	   0.63729
   701	   0.98421	   0.61204	   0.01303	   4.68911
   702	   0.44708	   0.59898	   0.00180	   0.63729
   703	   0.82147	   0.61536	   0.12472	   3.00360
   704	   0.67989	   0.61003	   0.04161	   2.13353
   705	   0.47621	   0.60023	   0.01752	   0.63729
   706	   0.63993	   0.60672	   0.05748	   1.39722
   707	   0.50904	   0.60120	   0.06570	   0.63797
   708	   0.52013	   0.60656	   0.03200	   0.68846
   709	   0.53905	   0.60656	   0.04488	   0.65786
   710	   0.46867	   0.60089	   0.01151	   0.63729
   711	   0.63729	   0.61204	   0.08264	   1.88307
   712	   0.51792	   0.60120	   0.03403	   0.65786
   713	   0.53665	   0.60864	   0.00824	   0.90770
   714	   0.47997	   0.60023	   0.01576	   0.63773
   715	   0.60993	   0.60656	   0.04410	   2.68406
   716	   0.52670	   0.60440	   0.03762	   0.67933
   717	   0.64012	   0.61204	   0.02454	   1.76317
   718	   0.65816	   0.61396	   0.08701	   1.79578
   719	   0.50417	   0.60089	   0.06785	   0.65645
   720	   0.74328	   0.61536	   0.09788	   2.01516
   721	   0.59877	   0.60812	   0.08863	   1.73875
   722	   0.59269	   0.61311	   0.05872	   0.94165
   723	   0.48306	   0.60023	   0.03284	   0.63773
   724	   0.63307	   0.61311	   0.27636	   1.26803
   725	   0.48914	   0.59898	   0.01929	   0.63729
   726	   0.60851	   0.61396	   0.09463	   1.00320
   727	   0.56723	   0.60440	   0.07503	   1.14491
   728	   0.48845	   0.60023	   0.01257	   0.63773
   729	   0.47389	   0.59898	   0.03079	   0.63729
   730	   0.70427	   0.61478	   0.08454	   2.01424
   731	   0.65308	   0.61430	   0.26724	   1.45987
   732	   0.53563	   0.60568	   0.09455	   0.70323
   733	   0.45099	   0.59898	   0.00788	   0.63729
   734	   0.65313	   0.61536	   0.36073	   1.19590
   735	   0.57727	   0.61204	   0.05266	   0.81436
   736	   0.51206	   0.60440	   0.04399	   0.65786
   737	   0.58623	   0.61030	   0.08284	   1.04404
   738	   0.45705	   0.59898	   0.01846	   0.63729
   739	   1.12159	   0.61702	   0.19104	   7.23057
   740	   0.47318	   0.60023	   0.03079	   0.63773
   741	   0.65998	   0.61204	   0.12163	   2.22963
   742	   0.49944	   0.60089	   0.01048	   0.65645
   743	   0.56858	   0.61065	   0.03480	   1.00924
   744	   0.81985	   0.61902	   0.54997	   1.82661
   745	   0.60957	   0.61065	   0.07202	   1.38915
   746	   0.48939	   0.60120	   0.00517	   0.65786
   747	   0.48124	   0.60120	   0.01651	   0.65786
   748	   0.50495	   0.60089	   0.03383	   0.65645
   749	   0.73956	   0.61396	   0.03023	   2.75855
   750	   1.09219	   0.61640	   0.13434	   5.33502
   751	   0.60510	   0.60812	   0.09919	   1.60203
   752	   0.58616	   0.61065	   0.02275	   0.97488
   753	   0.71139	   0.61204	   0.00903	   2.99191
   754	   0.47464	   0.60023	   0.02189	   0.63773
   755	   0.64990	   0.61311	   0.05417	   1.82887
   756	   0.64426	   0.61478	   0.03079	   1.45778
   757	   0.52644	   0.60440	   0.02799	   0.75652
   758	   0.47623	   0.60089	   0.01363	   0.65645
   759	   0.52980	   0.60568	   0.01229	   0.75652
   760	   0.53064	   0.60656	   0.02582	   0.87768
   761	   0.73480	   0.61478	   0.14653	   2.08880
   762	   0.51897	   0.60656	   0.02335	   0.75652
   763	   0.46733	   0.60089	   0.01168	   0.65645
   764	   0.48771	   0.60023	   0.03079	   0.63773
   765	   0.49980	   0.60089	   0.03099	   0.65645
   766	   0.49632	   0.60023	   0.03079	   0.63773
   767	   0.47720	   0.60089	   0.01030	   0.65645
   768	   0.47242	   0.60023	   0.01411	   0.63773
   769	   0.64246	   0.61204	   0.15171	   1.56736
   770	   0.48284	   0.59898	   0.03906	   0.63729
   771	   0.78130	   0.61536	   0.10485	   2.33923
   772	   0.64730	   0.60864	   0.02783	   1.86332
   773	   0.55062	   0.60656	   0.11343	   0.80632
   774	   0.51617	   0.60120	   0.05493	   0.65786
   775	   0.61355	   0.61204	   0.24467	   1.19840
   776	   0.60884	   0.60812	   0.04903	   1.86213
   777	   0.47360	   0.59898	   0.00821	   0.63729
   778	   0.60341	   0.61003	   0.08800	   1.41790
   779	   0.49817	   0.60023	   0.02902	   0.63773
   780	   0.54379	   0.60864	   0.03218	   0.83282
   781	   0.47931	   0.60089	   0.01659	   0.65645
   782	   0.57347	   0.60864	   0.15818	   0.71771
   783	   0.54439	   0.60812	   0.02660	   0.84342
   784	   0.64138	   0.61065	   0.10111	   1.93193
   785	   0.51568	   0.60120	   0.05663	   0.63773
   786	   0.86413	   0.61536	   0.23624	   2.72576
   787	   0.48799	   0.60023	   0.00921	   0.63773
   788	   0.61240	   0.61311	   0.05265	   1.05387
   789	   0.50803	   0.60120	   0.01265	   0.65786
   790	   0.54266	   0.60656	   0.09560	   0.65645
   791	   0.66975	   0.61430	   0.05860	   1.56763
   792	   0.47026	   0.59898	   0.01072	   0.63729
   793	   0.54586	   0.60812	   0.03777	   0.80145
   794	   0.99227	   0.61478	   0.03967	   4.44532
   795	   0.54712	   0.60656	   0.04278	   0.67230
   796	   0.54384	   0.60120	   0.08242	   0.65786
   797	   0.53578	   0.60864	   0.03430	   0.66016
   798	   0.63443	   0.61396	   0.18079	   1.56392
   799	   0.61042	   0.61311	   0.04856	   1.18276
   800	   0.56266	   0.60812	   0.06618	   0.83477
   801	   0.44867	   0.59898	   0.00384	   0.63729
   802	   0.49674	   0.59898	   0.03850	   0.63729
   803	   0.56823	   0.60672	   0.06517	   1.22023
   804	   0.53042	   0.60120	   0.07913	   0.65786
   805	   0.82671	   0.61430	   0.02136	   3.36663
   806	   0.77185	   0.61003	   0.28469	   2.38926
   807	   0.45317	   0.60023	   0.00019	   0.63773
   808	   0.72049	   0.61435	   0.04213	   2.55519
   809	   0.45231	   0.60023	   0.00176	   0.63773
   810	   0.45442	   0.60023	   0.00413	   0.63773
   811	   0.46586	   0.59898	   0.04354	   0.63729
   812	   0.49954	   0.60023	   0.05061	   0.63773
   813	   0.54470	   0.60568	   0.02433	   1.26577
   814	   0.45096	   0.59898	   0.01129	   0.63729
   815	   0.90315	   0.61735	   0.27737	   3.11503
   816	   0.54516	   0.60812	   0.01898	   0.76634
   817	   0.47640	   0.59898	   0.03683	   0.63729
   818	   0.58755	   0.60864	   0.07225	   0.87224
   819	   0.46639	   0.59898	   0.02002	   0.63729
   820	   0.53431	   0.60440	   0.08940	   0.69857
   821	   0.78426	   0.61311	   0.00962	   2.78922
   822	   0.46190	   0.59898	   0.02454	   0.63729
   823	   0.51560	   0.60440	   0.05593	   0.65154
   824	   0.52553	   0.60812	   0.00934	   0.92592
   825	   0.49906	   0.60440	   0.05236	   0.65645
   826	   0.46994	   0.60120	   0.01553	   0.63773
   827	   0.47133	   0.60120	   0.01721	   0.63773
   828	   0.71873	   0.61430	   0.12837	   1.89069
   829	   0.56857	   0.61003	   0.09921	   0.84738
   830	   0.50749	   0.60089	   0.03941	   0.63773
   831	   0.61512	   0.61065	   0.10393	   1.75888
   832	   0.92546	   0.61763	   0.07924	   3.34774
   833	   0.57600	   0.60656	   0.05595	   0.99626
   834	   0.52424	   0.60568	   0.04819	   0.97712
   835	   0.69671	   0.61687	   0.24884	   1.53430
   836	   0.71959	   0.61687	   0.04740	   2.26971
   837	   0.58545	   0.60864	   0.08138	   1.13051
   838	   0.53174	   0.60440	   0.04806	   0.76555
   839	   0.60239	   0.60656	   0.12582	   1.46122
   840	   0.65393	   0.61430	   0.03332	   1.76126
   841	   0.73504	   0.61396	   0.31464	   2.15834
   842	   0.50914	   0.60023	   0.12401	   0.63773
   843	   0.46914	   0.60023	   0.03236	   0.63773
   844	   0.70948	   0.61640	   0.13163	   1.81821
   845	   0.84687	   0.61821	   0.53973	   2.33880
   846	   0.63450	   0.61065	   0.01885	   1.77026
   847	   0.56529	   0.61003	   0.05295	   1.11509
   848	   0.61429	   0.61003	   0.04472	   1.34156
   849	   0.64621	   0.61311	   0.03079	   2.03298
   850	   0.45177	   0.60023	   0.00339	   0.63773
   851	   0.49297	   0.60089	   0.03277	   0.65645
   852	   0.81617	   0.61204	   0.03079	   2.79472
   853	   0.74525	   0.61311	   0.17836	   2.81770
   854	   0.45887	   0.60023	   0.00428	   0.63773
   855	   0.65666	   0.61435	   0.11557	   1.43624
   856	   0.67806	   0.61065	   0.05269	   2.41049
   857	   1.07533	   0.61702	   0.15626	   4.32711
   858	   0.53478	   0.60656	   0.03079	   0.94145
   859	   0.74687	   0.61702	   0.33283	   1.80521
   860	   0.76983	   0.61430	   0.26715	   2.40096
   861	   0.58153	   0.60568	   0.03425	   1.43624
   862	   0.47349	   0.60023	   0.02115	   0.63773
   863	   0.47329	   0.60023	   0.02027	   0.63773
   864	   0.63196	   0.61204	   0.11531	   1.43624
   865	   0.71554	   0.61478	   0.02197	   2.07593
   866	   0.65268	   0.61204	   0.04699	   1.96282
   867	   0.98484	   0.61735	   0.03079	   3.87342
   868	   0.60485	   0.60656	   0.04877	   1.86303
   869	   0.64944	   0.61396	   0.13278	   1.54690
   870	   0.72829	   0.61702	   0.13496	   1.66959
   871	   0.67114	   0.61396	   0.03079	   1.97104
   872	   0.70642	   0.61430	   0.10855	   1.81341
   873	   0.54356	   0.60568	   0.06152	   0.86655
   874	   0.58119	   0.60568	   0.06950	   1.16181
   875	   0.63991	   0.61204	   0.14908	   1.69670
   876	   0.77569	   0.61430	   0.12920	   2.19227
   877	   0.44773	   0.59851	   0.01333	   0.63729
   878	   0.48160	   0.59851	   0.05597	   0.63729
   879	   0.48058	   0.59851	   0.08185	   0.63729
   880	   0.66636	   0.61396	   0.06649	   1.52376
   881	   0.51245	   0.60440	   0.06206	   0.63773
   882	   0.46796	   0.59851	   0.03980	   0.63729
   883	   0.55863	   0.60656	   0.03721	   1.12971
   884	   0.49550	   0.59898	   0.03079	   0.63773
   885	   0.52230	   0.60089	   0.03745	   0.65786
   886	   0.49171	   0.59851	   0.02782	   0.63729
   887	   0.44647	   0.59851	   0.01020	   0.63729
   888	   0.47566	   0.59898	   0.02321	   0.63773
   889	   0.47041	   0.59851	   0.07479	   0.63729
   890	   0.45149	   0.59851	   0.01614	   0.63729
   891	   0.56907	   0.60812	   0.04903	   1.50876
   892	   0.48616	   0.59851	   0.02476	   0.63729
   893	   0.44597	   0.59851	   0.00435	   0.63729
   894	   0.48587	   0.59851	   0.01546	   0.63729
   895	   0.53633	   0.60568	   0.02489	   0.84026
   896	   0.44765	   0.59851	   0.00698	   0.63729
   897	   0.66796	   0.61311	   0.05100	   1.75630
   898	   0.53573	   0.60120	   0.06389	   0.69884
   899	   0.57933	   0.60672	   0.03779	   1.45678
   900	   0.50586	   0.60023	   0.07474	   0.65645
   901	   0.61273	   0.61065	   0.14864	   1.30429
   902	   0.50443	   0.60089	   0.02705	   0.65786
   903	   0.57768	   0.60672	   0.07879	   1.05435
   904	   0.52036	   0.60023	   0.08654	   0.65645
   905	   0.48729	   0.59851	   0.03079	   0.63729
   906	   0.47628	   0.59898	   0.02605	   0.63773
   907	   0.87929	   0.61640	   0.10547	   4.06595
   908	   0.54481	   0.60568	   0.08141	   0.66759
   909	   0.52841	   0.60120	   0.05605	   0.65786
   910	   1.48552	   0.61702	   0.22241	   8.34675
   911	   0.67020	   0.61204	   0.03079	   1.69835
   912	   0.70004	   0.61204	   0.03006	   2.65371
   913	   0.49351	   0.60089	   0.00807	   0.65786
   914	   0.54309	   0.60672	   0.04555	   1.05692
   915	   0.52779	   0.60656	   0.05738	   0.80037
   916	   0.70201	   0.61430	   0.03926	   2.59891
   917	   0.63992	   0.61065	   0.03084	   1.34534
   918	   0.58158	   0.61003	   0.03463	   1.05628
   919	   0.51781	   0.59898	   0.04791	   0.63773
   920	   0.44719	   0.59898	   0.00149	   0.63773
   921	   0.92835	   0.61435	   0.06193	   3.35116
   922	   0.82647	   0.61311	   0.11962	   3.28358
   923	   0.46826	   0.59898	   0.01839	   0.63773
   924	   0.54731	   0.60672	   0.03721	   0.88292
   925	   0.48840	   0.59851	   0.06623	   0.63729
   926	   0.53078	   0.60568	   0.02984	   0.65645
   927	   0.48507	   0.60089	   0.00199	   0.65786
   928	   0.52011	   0.60120	   0.06220	   0.65945
   929	   0.77246	   0.61435	   0.11412	   1.98849
   930	   0.49498	   0.60089	   0.03079	   0.65062
   931	   0.66899	   0.61003	   0.07811	   2.16024
   932	   0.68182	   0.61311	   0.08354	   1.90179
   933	   0.48835	   0.60023	   0.05707	   0.65645
   934	   0.59161	   0.61311	   0.11685	   1.00075
   935	   0.67103	   0.61311	   0.16189	   1.39141
   936	   0.79151	   0.61687	   0.10586	   2.51404
   937	   0.45110	   0.59851	   0.00339	   0.63773
   938	   0.51411	   0.59843	   0.04566	   0.65786
   939	   0.72081	   0.61065	   0.13931	   2.27824
   940	   0.56224	   0.59017	   0.09420	   1.95683
   941	   0.34597	   0.18082	   0.01558	   0.68332
   942	   0.28604	   0.17552	   0.07767	   0.63729
   943	   0.30789	   0.17157	   0.03759	   0.91148
   944	   0.20472	   0.15822	   0.01312	   0.61763
   945	   0.20808	   0.15832	   0.05924	   0.62308
   946	   0.30214	   0.15822	   0.02012	   2.72621
   947	   0.30800	   0.16958	   0.05930	   1.09467
   948	   0.26146	   0.16429	   0.04059	   0.98905
   949	   0.35219	   0.17054	   0.07137	   1.75266
   950	   0.16839	   0.14837	   0.01271	   0.62146
   951	   0.23694	   0.16623	   0.07623	   0.68903
   952	   0.27154	   0.16679	   0.05924	   1.03358
   953	   0.14473	   0.14837	   0.00829	   0.36484
   954	   0.15189	   0.14837	   0.02145	   0.36484
   955	   0.13732	   0.14284	   0.01430	   0.28048
   956	   0.17085	   0.15053	   0.02521	   0.63773
   957	   0.14233	   0.14543	   0.03831	   0.35069
   958	   0.49903	   0.15822	   0.03680	   3.52840
   959	   0.20158	   0.15822	   0.03527	   0.72644
   960	   0.15392	   0.14772	   0.01290	   0.45386
   961	   0.12298	   0.13714	   0.00926	   0.20143
   962	   0.30903	   0.16554	   0.05924	   1.52741
   963	   0.16618	   0.15066	   0.03211	   0.51777
   964	   0.11769	   0.13201	   0.02085	   0.18182
   965	   0.11676	   0.13201	   0.00868	   0.18182
   966	   0.16225	   0.14557	   0.02324	   0.46007
   967	   0.17436	   0.15193	   0.04845	   0.58514
   968	   0.12966	   0.14284	   0.01907	   0.20143
   969	   0.25894	   0.16429	   0.05924	   0.97243
   970	   0.15132	   0.14543	   0.01187	   0.54678
   971	   0.20870	   0.15876	   0.05674	   0.66212
   972	   0.14153	   0.14557	   0.01266	   0.29409
   973	   0.17015	   0.14837	   0.02155	   0.56211
   974	   0.21562	   0.16718	   0.03079	   0.58629
   975	   0.32727	   0.17633	   0.08975	   0.75536
   976	   0.30496	   0.17312	   0.02939	   0.73750
   977	   0.30958	   0.17638	   0.03079	   0.64519
   978	   0.34157	   0.21293	   0.04034	   0.59956
   979	   0.40537	   0.52338	   0.02771	   0.84032
   980	   0.60211	   0.55420	   0.07977	   2.52867
   981	   0.51626	   0.56687	   0.07819	   1.00128
   982	   0.53441	   0.56026	   0.15822	   1.05767
   983	   0.56700	   0.56760	   0.03079	   1.65176
   984	   0.44414	   0.55755	   0.01971	   0.63614
   985	   0.75969	   0.57473	   0.15760	   2.94825
   986	   0.43455	   0.55975	   0.01320	   0.63614
   987	   0.51624	   0.56211	   0.03079	   0.64250
   988	   1.12140	   0.58135	   0.03079	   6.74594
   989	   0.47152	   0.55975	   0.03667	   0.63951
   990	   0.52697	   0.56921	   0.03205	   0.81699
   991	   0.43134	   0.55975	   0.00592	   0.63951
   992	   0.52422	   0.56760	   0.04588	   0.81345
   993	   0.57212	   0.57455	   0.03239	   1.03027
   994	   0.69742	   0.58135	   0.11336	   1.51453
   995	   0.57688	   0.57128	   0.03789	   1.03027
   996	   0.54688	   0.57115	   0.13693	   0.89221
   997	   0.88530	   0.57952	   0.23433	   2.90593
   998	   0.62562	   0.57473	   0.11158	   1.61287
   999	   0.49743	   0.56428	   0.03645	   0.64519
  1000	   0.63969	   0.57473	   0.12462	   1.43164
  1001	   0.58697	   0.57115	   0.07458	   1.30061
  1002	   0.63696	   0.57859	   0.20874	   1.37898
  1003	   0.47678	   0.56026	   0.06851	   0.63614
  1004	   0.49186	   0.56725	   0.08242	   0.63951
  1005	   0.53005	   0.57037	   0.03656	   0.88158
  1006	   0.52091	   0.56725	   0.07884	   0.69681
  1007	   0.48107	   0.56211	   0.02945	   0.64519
  1008	   0.62504	   0.57750	   0.03696	   1.31632
  1009	   0.51390	   0.56752	   0.02676	   1.42139
  1010	   0.80613	   0.58305	   0.05207	   3.89497
  1011	   0.57038	   0.57037	   0.14272	   1.24868
  1012	   0.66154	   0.58305	   0.29711	   1.31749
  1013	   0.47238	   0.56725	   0.01752	   0.68012
  1014	   0.65733	   0.57473	   0.11085	   1.71254
  1015	   0.49037	   0.55810	   0.14834	   0.63614
  1016	   0.70801	   0.57455	   0.07992	   3.08980
  1017	   0.68800	   0.57750	   0.03245	   1.75408
  1018	   0.73118	   0.57473	   0.04119	   2.56899
  1019	   0.50545	   0.56428	   0.03079	   0.64519
  1020	   0.71189	   0.57942	   0.13967	   1.83047
  1021	   0.46275	   0.56211	   0.01131	   0.64250
  1022	   0.45285	   0.56211	   0.01457	   0.64250
  1023	   0.66862	   0.58016	   0.28791	   1.20818
  1024	   0.45180	   0.56211	   0.00337	   0.64519
  1025	   0.75975	   0.57244	   0.03079	   3.38500
  1026	   0.43370	   0.55810	   0.02603	   0.63614
  1027	   0.75400	   0.58355	   0.27860	   2.03251
  1028	   0.43428	   0.55810	   0.01457	   0.63614
  1029	   0.59371	   0.56921	   0.10607	   1.94463
  1030	   0.57816	   0.57244	   0.02868	   0.91023
  1031	   0.43026	   0.55810	   0.00293	   0.63614
  1032	   0.56929	   0.56760	   0.17006	   1.19513
  1033	   0.45343	   0.55975	   0.02637	   0.63614
  1034	   0.72644	   0.58355	   0.30306	   1.86583
  1035	   0.46100	   0.55810	   0.03241	   0.63614
  1036	   0.63991	   0.57244	   0.03079	   1.55535
  1037	   0.60292	   0.57473	   0.13775	   1.26284
  1038	   0.43634	   0.55975	   0.01202	   0.63951
  1039	   0.57867	   0.57128	   0.03079	   1.39744
  1040	   0.46458	   0.56026	   0.02354	   0.64250
  1041	   0.49540	   0.56752	   0.02840	   0.85734
  1042	   0.58755	   0.57242	   0.19807	   0.91255
  1043	   0.44590	   0.55975	   0.02174	   0.63951
  1044	   0.80499	   0.57952	   0.04008	   4.33847
  1045	   0.51491	   0.56760	   0.09591	   0.79264
  1046	   0.48503	   0.56428	   0.04378	   0.63951
  1047	   0.44987	   0.55975	   0.01344	   0.63951
  1048	   0.43814	   0.55975	   0.00981	   0.63951
  1049	   0.54471	   0.57037	   0.13576	   1.05188
  1050	   0.45222	   0.56026	   0.00465	   0.64250
  1051	   0.51368	   0.56428	   0.04171	   0.81982
  1052	   0.52973	   0.56428	   0.05936	   0.64519
  1053	   0.44024	   0.55810	   0.01486	   0.63614
  1054	   0.44744	   0.55810	   0.02731	   0.63614
  1055	   0.65591	   0.57859	   0.21003	   1.83660
  1056	   0.44474	   0.55810	   0.03827	   0.63614
  1057	   0.48990	   0.56752	   0.01269	   0.78317
  1058	   0.43641	   0.55938	   0.01148	   0.63614
  1059	   0.52200	   0.56921	   0.02288	   0.98957
  1060	   0.59305	   0.57859	   0.03144	   1.03510
  1061	   0.52632	   0.56760	   0.03162	   0.96679
  1062	   1.14382	   0.58305	   0.35272	   4.62019
  1063	   0.44597	   0.55975	   0.01116	   0.63951
  1064	   0.45957	   0.55975	   0.03079	   0.63951
  1065	   0.73085	   0.57037	   0.03523	   2.99950
  1066	   0.58118	   0.57473	   0.03079	   1.00410
  1067	   0.66900	   0.57942	   0.02703	   1.62747
  1068	   0.49592	   0.56026	   0.04519	   0.64250
  1069	   0.91230	   0.58135	   0.05883	   2.90946
  1070	   0.64212	   0.57750	   0.05938	   1.82322
  1071	   0.71762	   0.57473	   0.14225	   2.63423
  1072	   0.46692	   0.56211	   0.02504	   0.64250
  1073	   0.44756	   0.56026	   0.01642	   0.64023
  1074	   0.52848	   0.56760	   0.13192	   0.70008
  1075	   0.55440	   0.56921	   0.04482	   0.98961
  1076	   0.43662	   0.55975	   0.00502	   0.63951
  1077	   0.63889	   0.57859	   0.09563	   1.37094
  1078	   0.62147	   0.57455	   0.03079	   1.78519
  1079	   0.43418	   0.55975	   0.00867	   0.63951
  1080	   0.66402	   0.57942	   0.30876	   1.54843
  1081	   0.56669	   0.57115	   0.03678	   1.19142
  1082	   0.50227	   0.56211	   0.03079	   0.64519
  1083	   0.52841	   0.56752	   0.04211	   1.61591
  1084	   0.49660	   0.56428	   0.02502	   0.65254
  1085	   0.56559	   0.57455	   0.03079	   0.94217
  1086	   0.44692	   0.55975	   0.00181	   0.63951
  1087	   0.43482	   0.55975	   0.00729	   0.63951
  1088	   0.77161	   0.57750	   0.04735	   2.80268
  1089	   0.44260	   0.55810	   0.03964	   0.63614
  1090	   0.50472	   0.56725	   0.07802	   0.66172
  1091	   0.51247	   0.56026	   0.05884	   0.63951
  1092	   0.69727	   0.57859	   0.03356	   1.84802
  1093	   0.60852	   0.57895	   0.17970	   0.92863
  1094	   0.52876	   0.56752	   0.11711	   0.87456
  1095	   0.58061	   0.57244	   0.16254	   1.23626
  1096	   0.62007	   0.57750	   0.18758	   1.06196
  1097	   0.49883	   0.56211	   0.03821	   0.64250
  1098	   0.60951	   0.57244	   0.04248	   1.38816
  1099	   0.50613	   0.56921	   0.05393	   0.71342
  1100	   0.48951	   0.56211	   0.02566	   0.64519
  1101	   0.57703	   0.56921	   0.03464	   1.76028
  1102	   0.52360	   0.56760	   0.06014	   0.80115
  1103	   0.53408	   0.56725	   0.01676	   0.72932
  1104	   0.63283	   0.57750	   0.28016	   1.33318
  1105	   0.75299	   0.57750	   0.05013	   2.33481
  1106	   0.46512	   0.55975	   0.05229	   0.63951
  1107	   0.70943	   0.58556	   0.52338	   1.28748
  1108	   0.72820	   0.57895	   0.33108	   1.76144
  1109	   0.59318	   0.57115	   0.06308	   1.24063
  1110	   0.54578	   0.56921	   0.14204	   1.04373
  1111	   0.62152	   0.57037	   0.03079	   2.10672
  1112	   0.53371	   0.56752	   0.07991	   0.64519
  1113	   0.74820	   0.58305	   0.16345	   2.38882
  1114	   0.98315	   0.58305	   0.05762	   3.70385
  1115	   0.62993	   0.57859	   0.04476	   1.44376
  1116	   0.75806	   0.57242	   0.03079	   2.53977
  1117	   0.57376	   0.56921	   0.03884	   1.43888
  1118	   0.51098	   0.56760	   0.05374	   0.84072
  1119	   0.46797	   0.55975	   0.02507	   0.63951
  1120	   0.65643	   0.57895	   0.18140	   1.30774
  1121	   0.43689	   0.55975	   0.00664	   0.63951
  1122	   0.68516	   0.57942	   0.15892	   2.37861
  1123	   0.44824	   0.55975	   0.01357	   0.63614
  1124	   0.46747	   0.55810	   0.07188	   0.63614
  1125	   0.42704	   0.55810	   0.00216	   0.63614
  1126	   0.46793	   0.55975	   0.00455	   0.63951
  1127	   0.60055	   0.57128	   0.14772	   1.17067
  1128	   0.49168	   0.56428	   0.04062	   0.69717
  1129	   0.43089	   0.55810	   0.00794	   0.63614
  1130	   0.50724	   0.56760	   0.03079	   0.67741
  1131	   0.75174	   0.57895	   0.02493	   2.28358
  1132	   0.61937	   0.56921	   0.06168	   2.11253
  1133	   0.74082	   0.57895	   0.06001	   3.22252
  1134	   0.55465	   0.57244	   0.04939	   0.77556
  1135	   0.63504	   0.57455	   0.00762	   2.14809
  1136	   0.49091	   0.56725	   0.05415	   0.77556
  1137	   0.48466	   0.56428	   0.06659	   0.63951
  1138	   0.51907	   0.57037	   0.03622	   0.83119
  1139	   0.42121	   0.55810	   0.00331	   0.63614
  1140	   0.52338	   0.56921	   0.07969	   0.63614
  1141	   0.51695	   0.56752	   0.05484	   0.64519
  1142	   0.60420	   0.57115	   0.04315	   1.67051
  1143	   0.55651	   0.57037	   0.20820	   0.77083
  1144	   0.71015	   0.57750	   0.15309	   2.26510
  1145	   0.50320	   0.56760	   0.04861	   0.70893
  1146	   0.52578	   0.56752	   0.16821	   0.66924
  1147	   0.53451	   0.57037	   0.02138	   0.83120
  1148	   0.50002	   0.56725	   0.01296	   0.74785
  1149	   0.57722	   0.56760	   0.01809	   1.81309
  1150	   0.52627	   0.56921	   0.03079	   1.17990
  1151	   0.50935	   0.56725	   0.06118	   0.64519
  1152	   0.50365	   0.56752	   0.01770	   0.65302
  1153	   0.46688	   0.56026	   0.04181	   0.64250
  1154	   0.92257	   0.58588	   0.51155	   3.26443
  1155	   0.50336	   0.56211	   0.03779	   0.66346
  1156	   0.58221	   0.57115	   0.11020	   1.58065
  1157	   0.43525	   0.55083	   0.05336	   0.77100
  1158	   0.27121	   0.16212	   0.03963	   0.59956
  1159	   0.16469	   0.12178	   0.03079	   0.55634
  1160	   0.15137	   0.12330	   0.01052	   0.53077
  1161	   0.25823	   0.13115	   0.01052	   0.97466
  1162	   0.12376	   0.11371	   0.00865	   0.37824
  1163	   0.18301	   0.11484	   0.01052	   0.92765
  1164	   0.19214	   0.12262	   0.01052	   0.68263
  1165	   0.10265	   0.09673	   0.01052	   0.23009
  1166	   0.15615	   0.11519	   0.01052	   0.57803
  1167	   0.11482	   0.10664	   0.01052	   0.25399
  1168	   0.14630	   0.11039	   0.01052	   0.65125
  1169	   0.12758	   0.11453	   0.01052	   0.32589
  1170	   0.10339	   0.09971	   0.01052	   0.23009
  1171	   0.21893	   0.12644	   0.01052	   0.79734
  1172	   0.12528	   0.10573	   0.01052	   0.32195
  1173	   0.09829	   0.09342	   0.01052	   0.23009
  1174	   0.14026	   0.10573	   0.01052	   0.70401
  1175	   0.09986	   0.09431	   0.00398	   0.25391
  1176	   0.10506	   0.10038	   0.01052	   0.22963
  1177	   0.16308	   0.11519	   0.01052	   0.56488
  1178	   0.08903	   0.08386	   0.01052	   0.22963
  1179	   0.10842	   0.09431	   0.01052	   0.23322
  1180	   0.12157	   0.10664	   0.01052	   0.49373
  1181	   0.32040	   0.32674	   0.04606	   0.61448
  1182	   0.33178	   0.27823	   0.03786	   0.87164
  1183	   0.39725	   0.46211	   0.09658	   0.88697
  1184	   0.43328	   0.43748	   0.05692	   2.32535
  1185	   0.32057	   0.27823	   0.06457	   0.52571
  1186	   0.29561	   0.24709	   0.01511	   0.52241
  1187	   0.42515	   0.47089	   0.01821	   1.31524
  1188	   0.34622	   0.43748	   0.07263	   0.52571
  1189	   0.43746	   0.47719	   0.10326	   0.93408
  1190	   0.42322	   0.47736	   0.00987	   0.86741
  1191	   0.35646	   0.47186	   0.02662	   0.54929
  1192	   0.40650	   0.47685	   0.03568	   0.55482
  1193	   0.44477	   0.48523	   0.13921	   0.92998
  1194	   0.52346	   0.48585	   0.02818	   1.58745
  1195	   0.38909	   0.47736	   0.01592	   0.66034
  1196	   0.66402	   0.49011	   0.17328	   2.15328
  1197	   0.39879	   0.47697	   0.02816	   0.55482
  1198	   0.50095	   0.48377	   0.02195	   1.90838
  1199	   0.64550	   0.49011	   0.03074	   2.92833
  1200	   0.41569	   0.47736	   0.01185	   0.69269
  1201	   0.45781	   0.48345	   0.09960	   0.81983
  1202	   0.52331	   0.48599	   0.05283	   1.60293
  1203	   0.38438	   0.47719	   0.03785	   0.55304
  1204	   0.37372	   0.47685	   0.01774	   0.55304
  1205	   0.44482	   0.48505	   0.06618	   0.68109
  1206	   0.43375	   0.47736	   0.01856	   0.79348
  1207	   0.39755	   0.47302	   0.05259	   0.53549
  1208	   0.37811	   0.47302	   0.01485	   0.54929
  1209	   0.49151	   0.48518	   0.02406	   1.29941
  1210	   0.73584	   0.49908	   0.22104	   2.65102
  1211	   0.35771	   0.47207	   0.02528	   0.53223
  1212	   0.41807	   0.47736	   0.02122	   0.61166
  1213	   0.36216	   0.47207	   0.01970	   0.53223
  1214	   0.39859	   0.47207	   0.05343	   0.53223
  1215	   0.39430	   0.47207	   0.02731	   0.53223
  1216	   0.40709	   0.47719	   0.03436	   0.55482
  1217	   0.39951	   0.47302	   0.03450	   0.53223
  1218	   0.40671	   0.47719	   0.06709	   0.55304
  1219	   0.57123	   0.49445	   0.16596	   1.55185
  1220	   0.53710	   0.49373	   0.17986	   1.46531
  1221	   0.35535	   0.47302	   0.00964	   0.53223
  1222	   0.38715	   0.47736	   0.02284	   0.57367
  1223	   0.75104	   0.49347	   0.12954	   3.75131
  1224	   0.36805	   0.47207	   0.04635	   0.53223
  1225	   0.40295	   0.47719	   0.11650	   0.55304
  1226	   0.38509	   0.47302	   0.04790	   0.53223
  1227	   0.47199	   0.48505	   0.07320	   0.98755
  1228	   0.54662	   0.48518	   0.01779	   1.77410
  1229	   0.48333	   0.48505	   0.02434	   1.36987
  1230	   0.35389	   0.47207	   0.01675	   0.53223
  1231	   0.36469	   0.47302	   0.00635	   0.54929
  1232	   0.54962	   0.48992	   0.06894	   1.47072
  1233	   0.44493	   0.48505	   0.07219	   0.71964
  1234	   0.45122	   0.48505	   0.06767	   0.61432
  1235	   0.51999	   0.49373	   0.03837	   0.95771
  1236	   0.48738	   0.48535	   0.06340	   1.12831
  1237	   0.50772	   0.49347	   0.02989	   1.09877
  1238	   0.42830	   0.48518	   0.07787	   0.62985
  1239	   0.38447	   0.48377	   0.01278	   0.61432
  1240	   0.36830	   0.48345	   0.00823	   0.60599
  1241	   0.66360	   0.49971	   0.11871	   1.87783
  1242	   0.74226	   0.50062	   0.08139	   2.59247
  1243	   0.50693	   0.49373	   0.02392	   0.97438
  1244	   0.52923	   0.49589	   0.07130	   1.08825
  1245	   0.46740	   0.48992	   0.06701	   0.69970
  1246	   0.48737	   0.48992	   0.03079	   1.37708
  1247	   0.46926	   0.48585	   0.09276	   0.63465
  1248	   0.44773	   0.48535	   0.04998	   0.89036
  1249	   0.40072	   0.48345	   0.02375	   0.61432
  1250	   0.76905	   0.49908	   0.02676	   3.53392
  1251	   0.41320	   0.48377	   0.04994	   0.62764
  1252	   0.40770	   0.48345	   0.05427	   0.61432
  1253	   0.43772	   0.48523	   0.02216	   0.62985
  1254	   0.54890	   0.49589	   0.02428	   1.17119
  1255	   0.39268	   0.48345	   0.03375	   0.61432
  1256	   0.38086	   0.48345	   0.01225	   0.61432
  1257	   0.51236	   0.48992	   0.24575	   1.12013
  1258	   0.48757	   0.49347	   0.06506	   1.00632
  1259	   0.50294	   0.49373	   0.18732	   0.84257
  1260	   0.40047	   0.48345	   0.01015	   0.61432
  1261	   0.37822	   0.48129	   0.01938	   0.60599
  1262	   0.38242	   0.48129	   0.02644	   0.60599
  1263	   0.42197	   0.48377	   0.02758	   0.60599
  1264	   0.44133	   0.48518	   0.03079	   0.62985
  1265	   0.80042	   0.49908	   0.04012	   3.41846
  1266	   0.53645	   0.49011	   0.18645	   1.15089
  1267	   0.75705	   0.50436	   0.23766	   2.04379
  1268	   0.44765	   0.48523	   0.04519	   0.89613
  1269	   0.46077	   0.48599	   0.11556	   0.68876
  1270	   0.50772	   0.49373	   0.02933	   0.78397
  1271	   0.41869	   0.48377	   0.05018	   0.61432
  1272	   0.46029	   0.48523	   0.11034	   0.62985
  1273	   0.82109	   0.49704	   0.07162	   3.73849
  1274	   0.47116	   0.48992	   0.04682	   0.64206
  1275	   0.71822	   0.49971	   0.18268	   3.11370
  1276	   0.39668	   0.48345	   0.02415	   0.60599
  1277	   0.43514	   0.48523	   0.05270	   0.62764
  1278	   0.40861	   0.48377	   0.01321	   0.60599
  1279	   0.63642	   0.49971	   0.09150	   2.05298
  1280	   0.38686	   0.48345	   0.02274	   0.60599
  1281	   0.38259	   0.48345	   0.02795	   0.60599
  1282	   0.47846	   0.49347	   0.04948	   0.97740
  1283	   0.44439	   0.48585	   0.02493	   0.62985
  1284	   0.44420	   0.48535	   0.06864	   0.62985
  1285	   0.54578	   0.49373	   0.04818	   1.77300
  1286	   0.68162	   0.49589	   0.25887	   1.82239
  1287	   0.37411	   0.48345	   0.00759	   0.61432
  1288	   0.58775	   0.49597	   0.10040	   1.17385
  1289	   0.43442	   0.48523	   0.05037	   0.61432
  1290	   0.46861	   0.48599	   0.03079	   1.04806
  1291	   0.36972	   0.48129	   0.00600	   0.60599
  1292	   0.55471	   0.49011	   0.01555	   1.45676
  1293	   0.67951	   0.49908	   0.08044	   2.59747
  1294	   0.49572	   0.49597	   0.07970	   0.79342
  1295	   0.48220	   0.48523	   0.05250	   0.84995
  1296	   0.37426	   0.48129	   0.00580	   0.60599
  1297	   0.36869	   0.48129	   0.00969	   0.60599
  1298	   0.59088	   0.49347	   0.11978	   2.26678
  1299	   0.52030	   0.49445	   0.04013	   1.32119
  1300	   0.41960	   0.48505	   0.04808	   0.61432
  1301	   0.49572	   0.49597	   0.04203	   0.94244
  1302	   0.43438	   0.48518	   0.05731	   0.60599
  1303	   0.37639	   0.48345	   0.01945	   0.60599
  1304	   0.40706	   0.48345	   0.03038	   0.60599
  1305	   0.40389	   0.48518	   0.02117	   0.62985
  1306	   0.39237	   0.48345	   0.03394	   0.60599
  1307	   0.42241	   0.48523	   0.02302	   0.62764
  1308	   0.63226	   0.49589	   0.07644	   1.90461
  1309	   0.41928	   0.48505	   0.03617	   0.60599
  1310	   0.44251	   0.48523	   0.04686	   0.62764
  1311	   0.66151	   0.49908	   0.04485	   2.09553
  1312	   0.46939	   0.48599	   0.04083	   1.02613
  1313	   0.45506	   0.48535	   0.05541	   0.72236
  1314	   0.49687	   0.49347	   0.11830	   0.90461
  1315	   0.44586	   0.48523	   0.03838	   0.72659
  1316	   0.57387	   0.49373	   0.02237	   2.60606
  1317	   0.44524	   0.48535	   0.02002	   0.62985
  1318	   0.41474	   0.48377	   0.04837	   0.62764
  1319	   0.41911	   0.48505	   0.02321	   0.62985
  1320	   0.44246	   0.48523	   0.03079	   0.66827
  1321	   0.47783	   0.48992	   0.03079	   1.10617
  1322	   0.40757	   0.48518	   0.01026	   0.72592
  1323	   0.42897	   0.48377	   0.03079	   0.61432
  1324	   0.48395	   0.49011	   0.03079	   0.91495
  1325	   0.39739	   0.48345	   0.02540	   0.61432
  1326	   0.55878	   0.49347	   0.02873	   1.53559
  1327	   0.72780	   0.50062	   0.09599	   2.28756
  1328	   0.46195	   0.48599	   0.05045	   0.82571
  1329	   0.50358	   0.48992	   0.03079	   1.32886
  1330	   0.63644	   0.50041	   0.05391	   2.08052
  1331	   0.52057	   0.48992	   0.03079	   1.32886
  1332	   0.40078	   0.48377	   0.00150	   0.62764
  1333	   0.71747	   0.50062	   0.03952	   2.55126
  1334	   0.65243	   0.49971	   0.10157	   2.19713
  1335	   0.59346	   0.49373	   0.11618	   2.02220
  1336	   0.52886	   0.49347	   0.02301	   1.48383
  1337	   0.56110	   0.49445	   0.11059	   1.18071
  1338	   0.58408	   0.49445	   0.05121	   1.96116
  1339	   0.40055	   0.48377	   0.01708	   0.62764
  1340	   0.62263	   0.49445	   0.02369	   2.40609
  1341	   0.39559	   0.48377	   0.01333	   0.62764
  1342	   0.72301	   0.50065	   0.05244	   1.94016
  1343	   0.53383	   0.49704	   0.04885	   0.93351
  1344	   0.43194	   0.48535	   0.03079	   0.75355
  1345	   0.45801	   0.48992	   0.06789	   0.71636
  1346	   0.49698	   0.49347	   0.03390	   1.27446
  1347	   0.47984	   0.48523	   0.03885	   0.64475
  1348	   0.82372	   0.50429	   0.41577	   3.73628
  1349	   0.52590	   0.49347	   0.22783	   1.34954
  1350	   0.58183	   0.50041	   0.06274	   1.18494
  1351	   0.52937	   0.49704	   0.23356	   0.95583
  1352	   0.60259	   0.49445	   0.13271	   1.99370
  1353	   0.53769	   0.49597	   0.08758	   1.20361
  1354	   0.98667	   0.50436	   0.04691	   3.25455
  1355	   1.82609	   2.70923	   0.03079	   3.23835
  1356	   1.92282	   2.78493	   0.00412	   3.40661
  1357	   2.72100	   2.95895	   0.16066	   5.22871
  1358	   2.27411	   2.84973	   0.06274	   3.67124
  1359	   2.14623	   2.85695	   0.01588	   3.67124
  1360	   2.35339	   2.86337	   0.05304	   3.71535
  1361	   2.17995	   2.86337	   0.00412	   3.71535
  1362	   2.24260	   2.87812	   0.02602	   3.71535
  1363	   2.35142	   2.87812	   0.01725	   3.71535
  1364	   2.29019	   2.87812	   0.00667	   3.71535
  1365	   2.33753	   2.87812	   0.01101	   3.71535
  1366	   2.45414	   2.90043	   0.05527	   3.71535
  1367	   2.26358	   2.87812	   0.01024	   3.71535
  1368	   2.52539	   2.87812	   0.03079	   3.71535
  1369	   2.27920	   2.87812	   0.01662	   3.71535
  1370	   2.32353	   2.87812	   0.10252	   3.71535
  1371	   2.48231	   2.87812	   0.04016	   3.71535
  1372	   2.76637	   2.97220	   0.17459	   3.71535
  1373	   2.30962	   2.90043	   0.02105	   3.75098
  1374	   2.69554	   2.94043	   0.04432	   3.90655
  1375	   3.76012	   3.06580	   0.03079	   9.32431
  1376	   2.37949	   2.91130	   0.03639	   3.90655
  1377	   2.56984	   2.91567	   0.04685	   3.90655
  1378	   2.29984	   2.87812	   0.03079	   3.71535
  1379	   2.34891	   2.87812	   0.03126	   3.71535
  1380	   2.34710	   2.87812	   0.04150	   3.71535
  1381	   2.31552	   2.87812	   0.00795	   3.71535
  1382	   2.28118	   2.87812	   0.02221	   3.71535
  1383	   2.38917	   2.87812	   0.17883	   3.71535
  1384	   2.30764	   2.87812	   0.06196	   3.71535
  1385	   2.49730	   2.90043	   0.23679	   3.75098
  1386	   2.28231	   2.87812	   0.03419	   3.71535
  1387	   2.36318	   2.87812	   0.06542	   3.71535
  1388	   2.32136	   2.87812	   0.04912	   3.71535
  1389	   2.30051	   2.87812	   0.03895	   3.71535
  1390	   2.33599	   2.87812	   0.08092	   3.71535
  1391	   2.28462	   2.87812	   0.00784	   3.71535
  1392	   2.51344	   2.87812	   0.09329	   3.71535
  1393	   3.18205	   3.01650	   0.03079	   8.01786
  1394	   2.32773	   2.87812	   0.08022	   3.71535
  1395	   2.58319	   2.95895	   0.03079	   3.99667
  1396	   2.81219	   3.00696	   0.14294	   3.93401
  1397	   2.87081	   2.99935	   0.06669	   4.04139
  1398	   1.44870	   0.68503	   0.01299	   3.62673
  1399	   0.58134	   0.64524	   0.05576	   0.76113
  1400	   0.55209	   0.64136	   0.04836	   0.76113
  1401	   0.86508	   0.67632	   0.18651	   2.81255
  1402	   0.68093	   0.65396	   0.15659	   1.27631
  1403	   0.60749	   0.65241	   0.04885	   0.91681
  1404	   0.63677	   0.65936	   0.12975	   1.07605
  1405	   0.63511	   0.66082	   0.11952	   1.04148
  1406	   0.55126	   0.64524	   0.04384	   0.76387
  1407	   0.51988	   0.63927	   0.04730	   0.75926
  1408	   0.56241	   0.64762	   0.00862	   0.98208
  1409	   0.53165	   0.64136	   0.02290	   0.75926
  1410	   0.77426	   0.66449	   0.09423	   2.62427
  1411	   0.64700	   0.65936	   0.03058	   1.14689
  1412	   0.70064	   0.66499	   0.12981	   1.39823
  1413	   0.66485	   0.66449	   0.04623	   1.72050
  1414	   0.50391	   0.64146	   0.00129	   0.75926
  1415	   0.76858	   0.67632	   0.04531	   1.91777
  1416	   0.49980	   0.64136	   0.00626	   0.75926
  1417	   0.86591	   0.68383	   0.08024	   2.36882
  1418	   0.93732	   0.68170	   0.04731	   3.34208
  1419	   0.81237	   0.67632	   0.54813	   1.93584
  1420	   0.52202	   0.63927	   0.04850	   0.75926
  1421	   0.73173	   0.66499	   0.04783	   1.67659
  1422	   0.52803	   0.64146	   0.00317	   0.76387
  1423	   0.68933	   0.66499	   0.03079	   1.67659
  1424	   0.66092	   0.66153	   0.05525	   1.11612
  1425	   0.53165	   0.63927	   0.06648	   0.75926
  1426	   0.53897	   0.63927	   0.03286	   0.75926
  1427	   0.64532	   0.65241	   0.06954	   0.99392
  1428	   0.62726	   0.65936	   0.06207	   1.05173
  1429	   0.62800	   0.65201	   0.10794	   1.07342
  1430	   0.59155	   0.64524	   0.17833	   0.76387
  1431	   0.68695	   0.66499	   0.21897	   1.42554
  1432	   0.51510	   0.63927	   0.02423	   0.75926
  1433	   0.64648	   0.66153	   0.06694	   1.27895
  1434	   0.55411	   0.64136	   0.08285	   0.75926
  1435	   0.54107	   0.64136	   0.03802	   0.75926
  1436	   0.68944	   0.66449	   0.10683	   1.35646
  1437	   0.53954	   0.64146	   0.05826	   0.76113
  1438	   0.68487	   0.66153	   0.02151	   1.66674
  1439	   0.70716	   0.66626	   0.10851	   1.38094
  1440	   0.65997	   0.65936	   0.01876	   1.90270
  1441	   0.65130	   0.66048	   0.02756	   1.05388
  1442	   0.52208	   0.63927	   0.01079	   0.75926
  1443	   0.49006	   0.63927	   0.00404	   0.75926
  1444	   0.71522	   0.66499	   0.07926	   1.54001
  1445	   0.64614	   0.66030	   0.10912	   1.27440
  1446	   0.81163	   0.66153	   0.04917	   2.96730
  1447	   0.90861	   0.68170	   0.10259	   2.27343
  1448	   0.52849	   0.64146	   0.01652	   0.76387
  1449	   0.64295	   0.66449	   0.07179	   1.06100
  1450	   0.56941	   0.64524	   0.01845	   0.76858
  1451	   0.72342	   0.66626	   0.30826	   1.47794
  1452	   0.73561	   0.66548	   0.04553	   1.81379
  1453	   0.49353	   0.63927	   0.00468	   0.75926
  1454	   0.71610	   0.66499	   0.02231	   1.58344
  1455	   0.54742	   0.64524	   0.03079	   0.76387
  1456	   0.50301	   0.63927	   0.00664	   0.75926
  1457	   0.51309	   0.63927	   0.04068	   0.75926
  1458	   0.61208	   0.64524	   0.19600	   0.76858
  1459	   0.57316	   0.64707	   0.05718	   0.76387
  1460	   0.64612	   0.65241	   0.19408	   1.08963
  1461	   0.56486	   0.64524	   0.06817	   0.76858
  1462	   0.55384	   0.64146	   0.00551	   0.76387
  1463	   0.96964	   0.68033	   0.21181	   3.06561
  1464	   0.73634	   0.66548	   0.11023	   1.55104
  1465	   0.65809	   0.65936	   0.07108	   1.29294
  1466	   0.63049	   0.65396	   0.01976	   1.70249